3625123
3625133
3625151
3625177
3625211
3625213
3625229
3625243
3625277
3625309
3625339
3625351
3625361
3625367
3625387
3625397
3625411
3625423
3625429
3625477
3625487
3625511
3625577
3625579
3625591
3625603
3625619
3625621
3625649
3625669
3625679
3625681
3625693
3625711
3625733
3625759
3625781
3625793
3625807
3625813
3625829
3625849
3625859
3625873
3625883
3625939
3625943
3625961
3625969
3625987
3625991
3625997
3626009
3626011
3626033
3626053
3626059
3626087
3626099
3626113
3626141
3626149
3626153
3626159
3626171
3626173
3626201
3626221
3626239
3626257
3626269
3626279
3626281
3626291
3626297
3626299
3626309
3626339
3626351
3626383
3626401
3626417
3626429
3626431
3626437
3626443
3626449
3626453
3626471
3626501
3626521
3626531
3626533
3626561
3626563
3626569
3626611
3626639
3626641
3626657
3626669
3626677
3626683
3626717
3626723
3626741
3626743
3626759
3626771
3626773
3626803
3626807
3626813
3626837
3626873
3626881
3626897
3626941
3626947
3626951
3626971
3626981
3626989
3627023
3627053
3627067
3627079
3627083
3627097
3627101
3627109
3627139
3627167
3627181
3627199
3627203
3627223
3627251
3627257
3627263
3627269
3627277
3627287
3627289
3627317
3627329
3627331
3627359
3627367
3627383
3627391
3627401
3627427
3627451
3627469
3627493
3627529
3627587
3627641
3627649
3627653
3627661
3627671
3627677
3627683
3627707
3627737
3627769
3627787
3627791
3627823
3627829
3627839
3627857
3627863
3627889
3627893
3627901
3627931
3627937
3627941
3627947
3627971
3627973
3627979
3627989
3628007
3628033
3628057
3628061
3628063
3628067
3628073
3628111
3628127
3628129
3628133
3628153
3628169
3628187
3628189
3628193
3628199
3628201
3628243
3628249
3628267
3628279
3628291
3628309
3628321
3628337
3628351
3628357
3628363
3628397
3628399
3628403
3628421
3628439
3628453
3628481
3628483
3628561
3628571
3628591
3628621
3628631
3628657
3628663
3628679
3628697
3628711
3628747
3628759
3628763
3628777
3628783
3628789
3628811
3628819
3628841
3628847
3628853
3628883
3628897
3628927
3628931
3628949
3628967
3628969
3628987
3628991
3629027
3629029
3629039
3629051
3629053
3629063
3629081
3629099
3629107
3629111
3629117
3629123
3629141
3629159
3629161
3629167
3629173
3629179
3629183
3629203
3629207
3629257
3629261
3629287
3629291
3629299
3629303
3629357
3629359
3629363
3629389
3629393
3629401
3629407
3629413
3629459
3629471
3629473
3629477
3629519
3629537
3629543
3629557
3629567
3629581
3629597
3629609
3629623
3629629
3629657
3629671
3629719
3629729
3629749
3629777
3629783
3629803
3629831
3629863
3629867
3629869
3629887
3629897
3629909
3629921
3629933
3629939
3629947
3629953
3629987
3629999
3630019
3630037
3630047
3630097
3630101
3630149
3630157
3630161
3630167
3630169
3630199
3630203
3630223
3630227
3630229
3630241
3630247
3630257
3630259
3630269
3630271
3630281
3630323
3630331
3630359
3630371
3630377
3630391
3630397
3630433
3630437
3630461
3630521
3630547
3630559
3630593
3630611
3630629
3630631
3630643
3630667
3630701
3630709
3630733
3630743
3630749
3630769
3630779
3630793
3630817
3630821
3630827
3630833
3630841
3630857
3630859
3630883
3630901
3630917
3630923
3630929
3630943
3630953
3630959
3630961
3630967
3630971
3630973
3630983
3630997
3631007
3631009
3631027
3631031
3631039
3631073
3631139
3631141
3631163
3631169
3631181
3631211
3631213
3631219
3631237
3631249
3631321
3631339
3631343
3631349
3631379
3631423
3631427
3631457
3631469
3631487
3631501
3631517
3631519
3631541
3631543
3631561
3631597
3631609
3631633
3631637
3631703
3631729
3631741
3631751
3631753
3631759
3631763
3631781
3631783
3631787
3631799
3631801
3631807
3631811
3631813
3631841
3631871
3631877
3631889
3631919
3631921
3631937
3631951
3631963
3631973
3632009
3632011
3632023
3632029
3632051
3632087
3632141
3632171
3632191
3632201
3632243
3632267
3632269
3632273
3632297
3632303
3632309
3632323
3632333
3632351
3632353
3632371
3632381
3632383
3632389
3632399
3632411
3632423
3632429
3632443
3632449
3632479
3632491
3632507
3632513
3632521
3632537
3632557
3632579
3632599
3632609
3632621
3632633
3632653
3632663
3632701
3632719
3632729
3632737
3632753
3632767
3632773
3632777
3632789
3632803
3632813
3632821
3632831
3632833
3632879
3632903
3632929
3632939
3632953
3632957
3632963
3632987
3632989
3633001
3633013
3633017
3633029
3633037
3633041
3633059
3633073
3633083
3633101
3633109
3633127
3633139
3633151
3633167
3633181
3633187
3633191
3633193
3633229
3633233
3633263
3633269
3633299
3633317
3633337
3633347
3633349
3633353
3633361
3633367
3633373
3633391
3633401
3633403
3633431
3633449
3633499
3633551
3633559
3633569
3633571
3633577
3633583
3633647
3633653
3633661
3633673
3633683
3633689
3633697
3633703
3633713
3633719
3633743
3633779
3633797
3633803
3633821
3633853
3633857
3633859
3633863
3633893
3633901
3633907
3633919
3633923
3633941
3633983
3633991
3634009
3634021
3634027
3634031
3634061
3634097
3634123
3634129
3634171
3634201
3634219
3634249
3634261
3634271
3634289
3634291
3634297
3634303
3634307
3634313
3634343
3634373
3634417
3634439
3634457
3634507
3634511
3634513
3634531
3634559
3634571
3634591
3634601
3634607
3634619
3634627
3634637
3634639
3634663
3634669
3634679
3634693
3634699
3634717
3634723
3634727
3634777
3634789
3634801
3634811
3634859
3634861
3634877
3634901
3634907
3634913
3634927
3634949
3634963
3634993
3634999
3635011
3635057
3635069
3635077
3635087
3635113
3635147
3635171
3635189
3635197
3635201
3635207
3635209
3635221
3635227
3635239
3635243
3635257
3635273
3635299
3635321
3635363
3635369
3635371
3635377
3635393
3635407
3635431
3635447
3635453
3635459
3635551
3635563
3635579
3635581
3635617
3635623
3635647
3635651
3635689
3635699
3635717
3635719
3635729
3635743
3635761
3635767
3635789
3635791
3635803
3635809
3635831
3635857
3635861
3635881
3635923
3635969
3635971
3635987
3635999
3636013
3636019
3636043
3636053
3636071
3636077
3636097
3636103
3636119
3636169
3636211
3636221
3636233
3636247
3636257
3636263
3636289
3636301
3636329
3636341
3636359
3636361
3636371
3636389
3636401
3636403
3636427
3636439
3636443
3636463
3636469
3636481
3636491
3636499
3636511
3636527
3636539
3636541
3636547
3636551
3636569
3636593
3636617
3636631
3636667
3636683
3636709
3636757
3636769
3636779
3636781
3636791
3636797
3636799
3636839
3636877
3636901
3636911
3636943
3636947
3636973
3636991
3637043
3637057
3637061
3637087
3637097
3637103
3637121
3637129
3637141
3637157
3637159
3637169
3637171
3637177
3637187
3637217
3637223
3637273
3637279
3637297
3637301
3637331
3637343
3637367
3637391
3637393
3637411
3637453
3637481
3637523
3637547
3637573
3637577
3637589
3637591
3637603
3637619
3637637
3637681
3637691
3637693
3637709
3637723
3637771
3637793
3637801
3637811
3637831
3637849
3637859
3637883
3637891
3637897
3637901
3637903
3637913
3637927
3637937
3637939
3637957
3637967
3637981
3638003
3638009
3638023
3638027
3638039
3638057
3638059
3638077
3638087
3638113
3638147
3638149
3638171
3638183
3638203
3638207
3638213
3638227
3638233
3638237
3638249
3638251
3638267
3638279
3638287
3638293
3638303
3638333
3638351
3638407
3638413
3638417
3638419
3638473
3638477
3638489
3638491
3638497
3638507
3638513
3638521
3638549
3638573
3638639
3638641
3638651
3638653
3638699
3638753
3638759
3638771
3638773
3638777
3638809
3638827
3638851
3638879
3638903
3638909
3638917
3638923
3638941
3638951
3638953
3638959
3638993
3639017
3639019
3639029
3639043
3639067
3639079
3639107
3639109
3639143
3639151
3639157
3639161
3639193
3639197
3639211
3639217
3639277
3639281
3639287
3639289
3639319
3639323
3639347
3639379
3639397
3639403
3639407
3639409
3639421
3639473
3639481
3639487
3639499
3639509
3639521
3639523
3639527
3639541
3639551
3639569
3639577
3639593
3639631
3639637
3639661
3639667
3639689
3639719
3639733
3639739
3639743
3639763
3639781
3639817
3639827
3639829
3639841
3639847
3639851
3639869
3639913
3639919
3639929
3639941
3639959
3639967
3639971
3639973
3639983
3639991
3639997
3640019
3640027
3640031
3640037
3640061
3640073
3640081
3640121
3640151
3640163
3640181
3640207
3640223
3640243
3640249
3640289
3640309
3640327
3640331
3640333
3640369
3640379
3640391
3640409
3640447
3640451
3640471
3640487
3640493
3640519
3640523
3640537
3640543
3640561
3640577
3640589
3640591
3640597
3640633
3640643
3640649
3640661
3640697
3640711
3640717
3640753
3640781
3640789
3640801
3640807
3640817
3640823
3640829
3640843
3640849
3640859
3640867
3640891
3640909
3640933
3640937
3640991
3640993
3640999
3641041
3641051
3641069
3641081
3641083
3641119
3641123
3641147
3641149
3641159
3641171
3641191
3641201
3641219
3641221
3641233
3641237
3641243
3641263
3641311
3641357
3641371
3641381
3641387
3641389
3641399
3641401
3641423
3641431
3641437
3641441
3641461
3641467
3641489
3641507
3641509
3641537
3641549
3641551
3641563
3641569
3641591
3641593
3641609
3641611
3641623
3641629
3641633
3641641
3641647
3641653
3641707
3641731
3641753
3641767
3641773
3641777
3641783
3641801
3641809
3641819
3641831
3641851
3641857
3641861
3641867
3641881
3641887
3641917
3641923
3641933
3641951
3641987
3641999
3642019
3642031
3642049
3642061
3642101
3642157
3642203
3642209
3642227
3642239
3642241
3642251
3642269
3642299
3642307
3642323
3642337
3642341
3642343
3642347
3642377
3642427
3642449
3642451
3642467
3642479
3642491
3642497
3642559
3642571
3642577
3642581
3642619
3642629
3642631
3642643
3642649
3642673
3642677
3642679
3642697
3642701
3642707
3642721
3642731
3642733
3642739
3642791
3642817
3642823
3642833
3642839
3642883
3642911
3642931
3642941
3642959
3642971
3643001
3643033
3643043
3643063
3643099
3643127
3643139
3643141
3643147
3643181
3643201
3643217
3643267
3643271
3643291
3643303
3643331
3643351
3643363
3643369
3643403
3643411
3643429
3643447
3643463
3643477
3643481
3643483
3643511
3643513
3643517
3643529
3643537
3643561
3643579
3643603
3643609
3643613
3643621
3643631
3643639
3643657
3643669
3643681
3643699
3643721
3643733
3643747
3643751
3643799
3643807
3643811
3643819
3643841
3643853
3643859
3643873
3643883
3643891
3643897
3643901
3643919
3643921
3643951
3643961
3643963
3643973
3644021
3644023
3644057
3644059
3644071
3644117
3644129
3644149
3644153
3644159
3644183
3644213
3644231
3644237
3644279
3644297
3644309
3644317
3644321
3644339
3644351
3644357
3644411
3644423
3644437
3644479
3644483
3644497
3644503
3644513
3644569
3644573
3644587
3644593
3644617
3644621
3644629
3644653
3644657
3644659
3644699
3644731
3644743
3644747
3644761
3644791
3644801
3644831
3644873
3644899
3644947
3644951
3644957
3644959
3644983
3644999
3645007
3645013
3645049
3645053
3645071
3645077
3645101
3645107
3645119
3645121
3645133
3645137
3645143
3645149
3645151
3645193
3645227
3645251
3645253
3645263
3645289
3645307
3645347
3645349
3645371
3645373
3645377
3645391
3645407
3645409
3645419
3645449
3645469
3645527
3645533
3645539
3645557
3645559
3645563
3645571
3645581
3645589
3645611
3645623
3645643
3645659
3645683
3645703
3645709
3645713
3645727
3645731
3645737
3645749
3645767
3645773
3645781
3645791
3645809
3645823
3645877
3645893
3645899
3645913
3645949
3645953
3645959
3645977
3645979
3645997
3646001
3646009
3646021
3646033
3646037
3646039
3646057
3646067
3646079
3646103
3646117
3646129
3646183
3646187
3646219
3646229
3646231
3646261
3646289
3646319
3646337
3646339
3646343
3646361
3646369
3646393
3646399
3646411
3646421
3646427
3646441
3646463
3646471
3646481
3646493
3646507
3646523
3646541
3646553
3646567
3646583
3646603
3646633
3646637
3646661
3646681
3646693
3646711
3646717
3646723
3646729
3646739
3646751
3646759
3646781
3646793
3646817
3646829
3646859
3646883
3646889
3646913
3646919
3646927
3646931
3646957
3646961
3646963
3646997
3647003
3647023
3647029
3647071
3647093
3647101
3647167
3647173
3647177
3647207
3647233
3647257
3647261
3647263
3647291
3647327
3647339
3647353
3647377
3647381
3647383
3647393
3647419
3647431
3647459
3647461
3647477
3647489
3647531
3647551
3647573
3647597
3647599
3647627
3647629
3647641
3647671
3647687
3647689
3647701
3647711
3647713
3647723
3647747
3647759
3647773
3647779
3647797
3647803
3647807
3647827
3647851
3647873
3647921
3647927
3647947
3647953
3647971
3647989
3648031
3648037
3648041
3648067
3648079
3648101
3648107
3648131
3648137
3648167
3648179
3648241
3648263
3648269
3648277
3648289
3648301
3648317
3648343
3648391
3648409
3648413
3648419
3648427
3648439
3648451
3648479
3648487
3648493
3648511
3648521
3648527
3648539
3648553
3648581
3648587
3648643
3648647
3648649
3648653
3648661
3648683
3648691
3648707
3648739
3648767
3648769
3648781
3648797
3648833
3648847
3648857
3648859
3648899
3648913
3648919
3648923
3648941
3648943
3648947
3648989
3649001
3649003
3649027
3649049
3649057
3649097
3649133
3649147
3649153
3649181
3649193
3649201
3649207
3649229
3649241
3649253
3649259
3649297
3649301
3649307
3649313
3649337
3649357
3649363
3649397
3649403
3649411
3649417
3649469
3649487
3649511
3649517
3649531
3649549
3649559
3649567
3649579
3649601
3649609
3649637
3649669
3649687
3649693
3649699
3649741
3649753
3649771
3649777
3649831
3649871
3649889
3649903
3649907
3649913
3649931
3649949
3649967
3649981
3649993
3649999
3650051
3650063
3650069
3650081
3650111
3650113
3650117
3650137
3650159
3650167
3650173
3650183
3650197
3650203
3650221
3650233
3650237
3650249
3650263
3650327
3650329
3650333
3650341
3650357
3650369
3650419
3650429
3650431
3650441
3650447
3650483
3650497
3650501
3650503
3650509
3650533
3650561
3650567
3650573
3650579
3650593
3650609
3650617
3650651
3650663
3650677
3650683
3650687
3650701
3650707
3650729
3650741
3650761
3650783
3650791
3650797
3650809
3650833
3650837
3650849
3650851
3650863
3650887
3650929
3650939
3650953
3650957
3650989
3651019
3651023
3651083
3651119
3651127
3651133
3651157
3651169
3651191
3651217
3651239
3651269
3651281
3651293
3651341
3651407
3651409
3651443
3651449
3651463
3651467
3651491
3651497
3651539
3651547
3651559
3651607
3651611
3651619
3651623
3651653
3651671
3651673
3651731
3651757
3651761
3651763
3651793
3651797
3651811
3651839
3651847
3651919
3651929
3651943
3651959
3651979
3651983
3651997
3652007
3652031
3652049
3652063
3652067
3652081
3652097
3652151
3652153
3652163
3652171
3652189
3652211
3652219
3652223
3652279
3652303
3652333
3652357
3652361
3652367
3652373
3652387
3652391
3652421
3652447
3652459
3652477
3652487
3652507
3652531
3652543
3652547
3652553
3652559
3652573
3652589
3652591
3652609
3652613
3652633
3652643
3652661
3652669
3652679
3652697
3652703
3652757
3652763
3652771
3652777
3652783
3652819
3652829
3652843
3652871
3652889
3652897
3652903
3652931
3652933
3652937
3652939
3652949
3652967
3652969
3652991
3653029
3653051
3653053
3653057
3653077
3653081
3653129
3653137
3653161
3653171
3653173
3653189
3653191
3653201
3653203
3653213
3653219
3653227
3653267
3653291
3653303
3653329
3653359
3653369
3653383
3653393
3653401
3653423
3653467
3653471
3653483
3653501
3653509
3653557
3653579
3653599
3653603
3653647
3653651
3653659
3653669
3653687
3653701
3653737
3653761
3653777
3653779
3653791
3653809
3653821
3653831
3653851
3653863
3653911
3653959
3653977
3653981
3653989
3653999
3654017
3654037
3654067
3654089
3654143
3654149
3654151
3654173
3654179
3654181
3654193
3654197
3654199
3654227
3654317
3654323
3654331
3654349
3654353
3654361
3654367
3654383
3654389
3654397
3654419
3654421
3654437
3654451
3654457
3654463
3654467
3654481
3654487
3654503
3654529
3654557
3654569
3654577
3654587
3654641
3654647
3654671
3654689
3654709
3654713
3654719
3654743
3654751
3654757
3654787
3654793
3654809
3654829
3654851
3654853
3654857
3654883
3654913
3654919
3654923
3654929
3654947
3654961
3654997
3655007
3655019
3655021
3655079
3655081
3655103
3655111
3655121
3655133
3655139
3655159
3655199
3655217
3655219
3655231
3655243
3655259
3655261
3655271
3655279
3655307
3655339
3655343
3655349
3655361
3655369
3655373
3655397
3655411
3655423
3655447
3655451
3655469
3655481
3655499
3655501
3655513
3655541
3655579
3655609
3655627
3655633
3655649
3655651
3655661
3655667
3655681
3655693
3655703
3655709
3655723
3655727
3655739
3655741
3655747
3655753
3655759
3655763
3655783
3655789
3655793
3655807
3655831
3655837
3655849
3655877
3655879
3655891
3655907
3655921
3655937
3655957
3655987
3656017
3656033
3656039
3656069
3656087
3656089
3656101
3656111
3656129
3656137
3656141
3656179
3656183
3656231
3656239
3656249
3656251
3656267
3656269
3656273
3656281
3656321
3656327
3656329
3656353
3656363
3656369
3656371
3656383
3656413
3656437
3656441
3656447
3656453
3656467
3656483
3656491
3656509
3656537
3656539
3656551
3656561
3656573
3656593
3656617
3656621
3656633
3656641
3656651
3656657
3656663
3656669
3656689
3656699
3656707
3656753
3656773
3656777
3656801
3656827
3656833
3656837
3656843
3656857
3656867
3656881
3656903
3656909
3656923
3656953
3656981
3656993
3657013
3657029
3657037
3657041
3657079
3657083
3657089
3657097
3657119
3657131
3657151
3657167
3657169
3657179
3657187
3657217
3657223
3657239
3657259
3657271
3657289
3657293
3657307
3657317
3657319
3657331
3657337
3657341
3657343
3657347
3657361
3657383
3657419
3657439
3657449
3657457
3657497
3657517
3657523
3657527
3657539
3657547
3657571
3657607
3657613
3657617
3657631
3657637
3657649
3657653
3657677
3657679
3657691
3657749
3657751
3657761
3657769
3657791
3657793
3657803
3657827
3657847
3657859
3657877
3657887
3657911
3657919
3657949
3657959
3657961
3657977
3658001
3658019
3658021
3658049
3658073
3658087
3658091
3658097
3658117
3658129
3658141
3658157
3658159
3658181
3658189
3658199
3658201
3658211
3658283
3658297
3658309
3658327
3658331
3658337
3658351
3658381
3658387
3658399
3658409
3658423
3658427
3658429
3658439
3658463
3658477
3658493
3658513
3658547
3658607
3658631
3658637
3658639
3658661
3658667
3658673
3658693
3658703
3658709
3658729
3658747
3658751
3658769
3658801
3658807
3658813
3658829
3658847
3658867
3658871
3658873
3658877
3658891
3658943
3658981
3659009
3659011
3659069
3659083
3659099
3659111
3659113
3659141
3659143
3659177
3659179
3659203
3659213
3659237
3659261
3659273
3659303
3659309
3659311
3659317
3659321
3659347
3659351
3659353
3659363
3659371
3659393
3659399
3659401
3659441
3659443
3659449
3659477
3659479
3659497
3659501
3659527
3659531
3659543
3659567
3659587
3659611
3659627
3659629
3659651
3659657
3659659
3659683
3659717
3659779
3659791
3659797
3659801
3659813
3659819
3659849
3659861
3659917
3659923
3659933
3659941
3659959
3659993
3660011
3660017
3660023
3660037
3660053
3660071
3660073
3660109
3660131
3660187
3660191
3660211
3660221
3660259
3660269
3660281
3660317
3660323
3660343
3660347
3660353
3660359
3660367
3660379
3660401
3660403
3660413
3660443
3660463
3660469
3660487
3660493
3660497
3660523
3660541
3660563
3660571
3660581
3660607
3660617
3660619
3660637
3660647
3660653
3660667
3660677
3660707
3660721
3660733
3660739
3660799
3660823
3660827
3660847
3660871
3660889
3660893
3660911
3660913
3660919
3660949
3660953
3660961
3661019
3661043
3661093
3661111
3661123
3661139
3661157
3661181
3661211
3661247
3661249
3661271
3661277
3661289
3661291
3661303
3661327
3661367
3661369
3661381
3661391
3661417
3661421
3661429
3661447
3661457
3661499
3661501
3661507
3661517
3661529
3661543
3661561
3661573
3661583
3661591
3661597
3661601
3661633
3661643
3661649
3661673
3661703
3661733
3661739
3661759
3661771
3661781
3661831
3661841
3661871
3661907
3661909
3661913
3661943
3661949
3661951
3661963
3661979
3662011
3662039
3662051
3662053
3662069
3662077
3662081
3662093
3662101
3662107
3662111
3662119
3662137
3662167
3662177
3662201
3662213
3662227
3662249
3662311
3662363
3662389
3662401
3662411
3662419
3662437
3662441
3662453
3662467
3662471
3662473
3662521
3662537
3662539
3662551
3662579
3662587
3662591
3662597
3662609
3662621
3662639
3662641
3662651
3662657
3662683
3662699
3662713
3662719
3662723
3662731
3662753
3662759
3662761
3662767
3662797
3662809
3662831
3662833
3662849
3662861
3662881
3662887
3662909
3662917
3662927
3662933
3662941
3662951
3662977
3662983
3662987
3662999
3663001
3663017
3663031
3663043
3663059
3663071
3663073
3663083
3663089
3663097
3663113
3663137
3663157
3663161
3663197
3663199
3663203
3663217
3663241
3663263
3663271
3663277
3663293
3663311
3663323
3663337
3663343
3663377
3663383
3663419
3663421
3663427
3663433
3663437
3663461
3663469
3663497
3663503
3663533
3663547
3663559
3663563
3663577
3663581
3663587
3663617
3663659
3663661
3663689
3663691
3663707
3663743
3663749
3663757
3663763
3663767
3663811
3663833
3663887
3663893
3663899
3663911
3663917
3663929
3663949
3663971
3664013
3664033
3664039
3664043
3664057
3664069
3664081
3664091
3664103
3664117
3664139
3664183
3664189
3664247
3664249
3664259
3664273
3664279
3664301
3664303
3664307
3664319
3664327
3664343
3664351
3664361
3664393
3664399
3664421
3664439
3664447
3664483
3664487
3664499
3664519
3664547
3664561
3664631
3664649
3664651
3664657
3664679
3664681
3664691
3664693
3664709
3664711
3664721
3664723
3664747
3664763
3664781
3664783
3664799
3664811
3664823
3664831
3664841
3664861
3664873
3664879
3664883
3664901
3664937
3664943
3664957
3664963
3665017
3665023
3665029
3665033
3665041
3665087
3665089
3665117
3665131
3665141
3665147
3665153
3665159
3665171
3665177
3665203
3665227
3665237
3665239
3665261
3665267
3665279
3665293
3665297
3665317
3665327
3665329
3665357
3665371
3665377
3665393
3665399
3665401
3665407
3665413
3665419
3665437
3665443
3665477
3665491
3665507
3665509
3665527
3665539
3665573
3665581
3665587
3665609
3665633
3665653
3665677
3665731
3665747
3665759
3665777
3665791
3665797
3665807
3665813
3665819
3665839
3665869
3665881
3665899
3665903
3665911
3665939
3665941
3665989
3666001
3666007
3666011
3666023
3666037
3666041
3666049
3666073
3666077
3666119
3666121
3666127
3666139
3666149
3666163
3666167
3666197
3666233
3666241
3666251
3666253
3666263
3666281
3666301
3666317
3666323
3666331
3666347
3666371
3666409
3666413
3666419
3666427
3666461
3666473
3666493
3666521
3666529
3666539
3666581
3666583
3666599
3666613
3666629
3666647
3666659
3666661
3666703
3666727
3666743
3666757
3666787
3666797
3666809
3666823
3666827
3666833
3666841
3666853
3666877
3666881
3666907
3666919
3666947
3666961
3666979
3666991
3667003
3667031
3667043
3667061
3667063
3667073
3667091
3667093
3667117
3667127
3667129
3667141
3667159
3667201
3667219
3667231
3667243
3667249
3667273
3667289
3667303
3667333
3667343
3667357
3667387
3667429
3667453
3667471
3667483
3667501
3667537
3667541
3667553
3667561
3667567
3667577
3667591
3667621
3667637
3667669
3667673
3667679
3667721
3667723
3667751
3667753
3667823
3667837
3667841
3667849
3667871
3667897
3667907
3667913
3667919
3667967
3667973
3667981
3667987
3667997
3667999
3668009
3668033
3668051
3668057
3668059
3668081
3668087
3668099
3668117
3668129
3668179
3668213
3668221
3668227
3668233
3668251
3668257
3668263
3668279
3668299
3668359
3668369
3668377
3668381
3668383
3668389
3668407
3668419
3668461
3668503
3668507
3668531
3668543
3668563
3668579
3668593
3668603
3668611
3668629
3668647
3668671
3668699
3668701
3668741
3668747
3668759
3668801
3668807
3668837
3668851
3668857
3668869
3668879
3668887
3668893
3668897
3668909
3668911
3668921
3668927
3668939
3668941
3668953
3668969
3668971
3668981
3668989
3668999
3669007
3669011
3669013
3669023
3669047
3669073
3669077
3669091
3669097
3669101
3669119
3669163
3669173
3669187
3669217
3669221
3669227
3669241
3669251
3669257
3669277
3669287
3669307
3669311
3669343
3669353
3669359
3669371
3669373
3669383
3669427
3669469
3669473
3669487
3669499
3669511
3669521
3669529
3669553
3669557
3669583
3669587
3669599
3669613
3669643
3669647
3669649
3669691
3669709
3669727
3669751
3669761
3669763
3669767
3669769
3669803
3669829
3669833
3669839
3669847
3669851
3669881
3669889
3669893
3669899
3669931
3669937
3669959
3669961
3670001
3670013
3670027
3670039
3670049
3670063
3670081
3670109
3670123
3670151
3670169
3670171
3670231
3670237
3670243
3670253
3670259
3670291
3670301
3670319
3670321
3670333
3670349
3670393
3670397
3670417
3670423
3670463
3670481
3670483
3670517
3670549
3670561
3670571
3670603
3670633
3670637
3670649
3670651
3670661
3670669
3670673
3670687
3670697
3670717
3670721
3670739
3670757
3670763
3670769
3670783
3670789
3670813
3670837
3670871
3670873
3670879
3670883
3670903
3670949
3670957
3670967
3670969
3670973
3670981
3670987
3670991
3670999
3671021
3671027
3671069
3671071
3671077
3671089
3671117
3671119
3671147
3671149
3671179
3671183
3671203
3671219
3671221
3671231
3671267
3671273
3671281
3671309
3671321
3671333
3671341
3671347
3671401
3671411
3671419
3671431
3671441
3671449
3671453
3671461
3671471
3671477
3671497
3671501
3671527
3671531
3671543
3671561
3671567
3671573
3671587
3671599
3671627
3671663
3671669
3671761
3671797
3671831
3671839
3671849
3671851
3671861
3671869
3671891
3671897
3671903
3671923
3671929
3671939
3671971
3671989
3672007
3672013
3672023
3672029
3672037
3672041
3672047
3672059
3672089
3672107
3672113
3672127
3672143
3672181
3672197
3672199
3672209
3672217
3672223
3672233
3672257
3672281
3672283
3672293
3672307
3672311
3672343
3672349
3672359
3672367
3672373
3672379
3672413
3672419
3672421
3672437
3672451
3672457
3672463
3672499
3672511
3672521
3672541
3672547
3672563
3672577
3672593
3672611
3672619
3672623
3672659
3672661
3672677
3672689
3672727
3672733
3672737
3672751
3672761
3672769
3672791
3672793
3672803
3672811
3672827
3672829
3672853
3672857
3672881
3672887
3672899
3672917
3672919
3672923
3672959
3672961
3672971
3672997
3673009
3673013
3673039
3673069
3673073
3673091
3673093
3673127
3673133
3673147
3673151
3673181
3673183
3673193
3673199
3673211
3673217
3673223
3673253
3673273
3673277
3673279
3673337
3673349
3673357
3673367
3673387
3673393
3673429
3673457
3673463
3673489
3673493
3673507
3673519
3673529
3673577
3673591
3673597
3673601
3673609
3673613
3673639
3673651
3673687
3673697
3673699
3673727
3673741
3673763
3673771
3673777
3673781
3673793
3673837
3673861
3673867
3673919
3673937
3673939
3673949
3673961
3673979
3673987
3673993
3674003
3674029
3674071
3674081
3674101
3674129
3674149
3674173
3674197
3674207
3674219
3674233
3674249
3674269
3674287
3674291
3674299
3674303
3674317
3674323
3674339
3674351
3674357
3674417
3674441
3674443
3674453
3674459
3674521
3674537
3674557
3674591
3674597
3674599
3674603
3674609
3674617
3674623
3674639
3674653
3674663
3674689
3674711
3674719
3674753
3674761
3674767
3674773
3674777
3674813
3674819
3674837
3674849
3674857
3674863
3674897
3674911
3674921
3674927
3674929
3674947
3674969
3674971
3674989
3675011
3675041
3675053
3675059
3675079
3675107
3675131
3675149
3675181
3675187
3675197
3675211
3675229
3675241
3675271
3675277
3675283
3675313
3675337
3675359
3675361
3675401
3675403
3675439
3675443
3675449
3675461
3675473
3675479
3675481
3675499
3675509
3675563
3675583
3675593
3675601
3675613
3675629
3675631
3675647
3675649
3675667
3675671
3675697
3675703
3675713
3675719
3675733
3675739
3675743
3675767
3675781
3675803
3675809
3675817
3675829
3675853
3675857
3675869
3675899
3675901
3675907
3675923
3675943
3675977
3675983
3675989
3676033
3676037
3676039
3676051
3676087
3676091
3676093
3676103
3676109
3676111
3676129
3676147
3676151
3676157
3676163
3676181
3676187
3676193
3676201
3676213
3676219
3676237
3676273
3676279
3676289
3676303
3676307
3676313
3676327
3676339
3676373
3676399
3676433
3676441
3676459
3676489
3676493
3676513
3676529
3676549
3676553
3676567
3676571
3676577
3676583
3676597
3676609
3676637
3676639
3676643
3676667
3676721
3676723
3676733
3676741
3676753
3676781
3676789
3676793
3676819
3676831
3676847
3676853
3676859
3676867
3676889
3676891
3676903
3676909
3676927
3676931
3676957
3676963
3676993
3676999
3677017
3677029
3677041
3677071
3677077
3677081
3677101
3677111
3677119
3677123
3677129
3677137
3677147
3677207
3677209
3677227
3677239
3677257
3677273
3677281
3677291
3677329
3677339
3677341
3677347
3677353
3677357
3677363
3677369
3677381
3677383
3677441
3677459
3677473
3677477
3677533
3677537
3677549
3677567
3677573
3677579
3677581
3677591
3677599
3677633
3677657
3677671
3677683
3677699
3677701
3677717
3677731
3677743
3677753
3677771
3677783
3677789
3677803
3677819
3677827
3677851
3677857
3677881
3677897
3677909
3677917
3677923
3677929
3677951
3677957
3677977
3677981
3678007
3678011
3678023
3678043
3678053
3678061
3678067
3678071
3678083
3678089
3678097
3678107
3678109
3678113
3678121
3678131
3678149
3678163
3678179
3678211
3678217
3678221
3678223
3678247
3678287
3678289
3678293
3678299
3678317
3678347
3678377
3678391
3678407
3678431
3678461
3678481
3678497
3678517
3678527
3678529
3678539
3678541
3678557
3678583
3678589
3678599
3678601
3678617
3678659
3678671
3678683
3678713
3678743
3678751
3678791
3678797
3678803
3678811
3678821
3678823
3678833
3678839
3678841
3678847
3678869
3678877
3678881
3678887
3678893
3678923
3678929
3678931
3678937
3678943
3678949
3678967
3678973
3678977
3678979
3679003
3679009
3679031
3679033
3679051
3679061
3679079
3679087
3679121
3679129
3679139
3679147
3679153
3679163
3679183
3679189
3679211
3679213
3679219
3679229
3679231
3679237
3679261
3679271
3679279
3679289
3679309
3679339
3679363
3679373
3679387
3679427
3679451
3679453
3679457
3679499
3679519
3679541
3679567
3679579
3679591
3679601
3679603
3679649
3679661
3679679
3679681
3679691
3679693
3679729
3679751
3679757
3679759
3679789
3679799
3679807
3679813
3679817
3679831
3679847
3679861
3679867
3679877
3679891
3679913
3679919
3679933
3679967
3679969
3679993
3679999
3680011
3680029
3680059
3680081
3680093
3680101
3680111
3680113
3680123
3680153
3680203
3680213
3680249
3680263
3680269
3680291
3680321
3680363
3680371
3680399
3680401
3680407
3680431
3680459
3680461
3680489
3680491
3680503
3680507
3680519
3680527
3680533
3680539
3680549
3680563
3680627
3680639
3680647
3680657
3680659
3680669
3680681
3680741
3680753
3680791
3680837
3680863
3680867
3680869
3680881
3680893
3680917
3680947
3680953
3680983
3680987
3681001
3681017
3681023
3681031
3681037
3681043
3681049
3681059
3681113
3681131
3681149
3681151
3681191
3681199
3681217
3681239
3681253
3681277
3681283
3681287
3681319
3681341
3681371
3681373
3681407
3681413
3681443
3681451
3681481
3681487
3681499
3681511
3681523
3681527
3681553
3681569
3681577
3681593
3681599
3681619
3681683
3681697
3681709
3681719
3681731
3681749
3681761
3681767
3681781
3681787
3681791
3681793
3681823
3681827
3681871
3681889
3681917
3681947
3681949
3681967
3682031
3682037
3682057
3682061
3682079
3682103
3682109
3682117
3682123
3682171
3682177
3682187
3682199
3682201
3682213
3682223
3682229
3682243
3682271
3682303
3682321
3682337
3682361
3682363
3682381
3682429
3682439
3682451
3682457
3682501
3682513
3682519
3682531
3682537
3682543
3682571
3682577
3682597
3682607
3682639
3682643
3682667
3682687
3682703
3682709
3682729
3682733
3682759
3682781
3682787
3682801
3682813
3682817
3682823
3682837
3682843
3682853
3682859
3682867
3682871
3682891
3682927
3682933
3682961
3683011
3683021
3683027
3683077
3683081
3683089
3683107
3683111
3683117
3683143
3683149
3683159
3683171
3683179
3683189
3683201
3683209
3683213
3683227
3683233
3683257
3683263
3683279
3683287
3683293
3683297
3683333
3683353
3683357
3683401
3683411
3683413
3683431
3683453
3683479
3683503
3683527
3683569
3683597
3683599
3683627
3683651
3683671
3683677
3683717
3683723
3683731
3683741
3683803
3683819
3683821
3683833
3683837
3683839
3683879
3683909
3683921
3683941
3683959
3683969
3683971
3683993
3684011
3684013
3684029
3684041
3684047
3684059
3684061
3684101
3684103
3684151
3684169
3684173
3684179
3684181
3684193
3684203
3684211
3684221
3684229
3684253
3684293
3684299
3684311
3684337
3684353
3684371
3684389
3684391
3684407
3684419
3684451
3684463
3684467
3684487
3684509
3684517
3684523
3684539
3684553
3684559
3684587
3684589
3684601
3684607
3684641
3684643
3684647
3684671
3684677
3684679
3684683
3684697
3684701
3684721
3684749
3684757
3684763
3684781
3684809
3684833
3684859
3684871
3684881
3684913
3684929
3684953
3684959
3684977
3685007
3685009
3685021
3685027
3685049
3685051
3685111
3685133
3685147
3685151
3685153
3685169
3685211
3685219
3685247
3685273
3685289
3685301
3685303
3685309
3685327
3685337
3685369
3685387
3685403
3685417
3685427
3685441
3685453
3685463
3685471
3685477
3685483
3685489
3685501
3685511
3685519
3685541
3685571
3685597
3685631
3685657
3685663
3685687
3685691
3685699
3685729
3685739
3685741
3685751
3685763
3685783
3685811
3685837
3685849
3685861
3685879
3685883
3685949
3685951
3685963
3685973
3685999
3686009
3686027
3686029
3686063
3686071
3686083
3686087
3686099
3686101
3686119
3686131
3686153
3686159
3686167
3686183
3686237
3686239
3686251
3686299
3686321
3686327
3686329
3686339
3686341
3686357
3686369
3686383
3686387
3686401
3686411
3686447
3686477
3686479
3686483
3686503
3686531
3686537
3686549
3686561
3686587
3686591
3686609
3686621
3686623
3686629
3686651
3686663
3686677
3686701
3686713
3686723
3686729
3686731
3686743
3686747
3686797
3686801
3686833
3686849
3686867
3686927
3686929
3686941
3686951
3686953
3686957
3686971
3686983
3686987
3686989
3686999
3687029
3687037
3687041
3687043
3687049
3687071
3687097
3687119
3687127
3687133
3687139
3687163
3687169
3687209
3687227
3687239
3687241
3687247
3687251
3687287
3687301
3687319
3687373
3687391
3687401
3687403
3687407
3687413
3687421
3687427
3687433
3687443
3687451
3687461
3687469
3687557
3687583
3687631
3687683
3687703
3687707
3687713
3687731
3687737
3687743
3687757
3687763
3687769
3687787
3687823
3687833
3687839
3687847
3687857
3687869
3687911
3687923
3687941
3687967
3687973
3687979
3687989
3688001
3688021
3688057
3688063
3688081
3688093
3688117
3688127
3688129
3688141
3688151
3688171
3688189
3688193
3688199
3688219
3688241
3688247
3688277
3688301
3688309
3688313
3688331
3688343
3688357
3688361
3688367
3688369
3688393
3688453
3688463
3688469
3688501
3688511
3688519
3688537
3688543
3688549
3688561
3688571
3688591
3688613
3688627
3688631
3688637
3688649
3688661
3688667
3688681
3688691
3688693
3688697
3688703
3688709
3688757
3688759
3688777
3688781
3688787
3688801
3688837
3688849
3688859
3688871
3688877
3688897
3688903
3688933
3688939
3688963
3688967
3688981
3688991
3689009
3689069
3689113
3689117
3689129
3689137
3689141
3689143
3689149
3689183
3689207
3689209
3689237
3689263
3689281
3689291
3689297
3689299
3689311
3689327
3689377
3689417
3689423
3689461
3689473
3689479
3689501
3689503
3689507
3689513
3689519
3689551
3689573
3689579
3689597
3689611
3689617
3689633
3689669
3689689
3689711
3689717
3689723
3689753
3689761
3689771
3689773
3689779
3689797
3689809
3689843
3689863
3689869
3689887
3689911
3689927
3689947
3689963
3689993
3690013
3690031
3690053
3690067
3690079
3690091
3690101
3690107
3690119
3690149
3690151
3690187
3690191
3690227
3690233
3690251
3690257
3690259
3690301
3690307
3690329
3690341
3690347
3690361
3690371
3690397
3690437
3690473
3690497
3690499
3690517
3690521
3690523
3690527
3690529
3690539
3690551
3690553
3690571
3690587
3690607
3690611
3690613
3690619
3690623
3690629
3690671
3690677
3690689
3690691
3690703
3690721
3690727
3690737
3690763
3690773
3690781
3690803
3690821
3690823
3690839
3690851
3690857
3690871
3690881
3690889
3690899
3690923
3690941
3690961
3690977
3690983
3691003
3691007
3691013
3691019
3691021
3691027
3691031
3691043
3691087
3691147
3691151
3691153
3691183
3691199
3691213
3691223
3691253
3691273
3691277
3691283
3691307
3691309
3691313
3691327
3691343
3691349
3691351
3691357
3691367
3691403
3691447
3691451
3691459
3691469
3691489
3691531
3691547
3691549
3691553
3691559
3691561
3691577
3691603
3691619
3691621
3691627
3691657
3691673
3691687
3691691
3691693
3691717
3691747
3691783
3691789
3691801
3691811
3691813
3691819
3691841
3691843
3691847
3691859
3691913
3691921
3691949
3691951
3691957
3692021
3692041
3692053
3692057
3692063
3692081
3692107
3692123
3692159
3692177
3692197
3692201
3692207
3692209
3692231
3692239
3692243
3692261
3692263
3692291
3692321
3692323
3692329
3692333
3692347
3692357
3692363
3692401
3692407
3692411
3692431
3692449
3692467
3692471
3692477
3692527
3692531
3692543
3692551
3692567
3692573
3692617
3692641
3692651
3692659
3692671
3692681
3692683
3692701
3692737
3692761
3692771
3692803
3692807
3692827
3692849
3692873
3692929
3692951
3692971
3692977
3693037
3693043
3693077
3693089
3693113
3693161
3693167
3693169
3693187
3693191
3693197
3693203
3693211
3693253
3693257
3693259
3693299
3693311
3693323
3693331
3693337
3693343
3693359
3693373
3693397
3693413
3693427
3693449
3693463
3693479
3693493
3693499
3693511
3693563
3693601
3693617
3693637
3693653
3693659
3693661
3693689
3693691
3693707
3693719
3693721
3693737
3693761
3693763
3693769
3693773
3693779
3693787
3693791
3693839
3693841
3693853
3693863
3693881
3693883
3693953
3693959
3693973
3693983
3693997
3694013
3694027
3694039
3694057
3694063
3694091
3694109
3694111
3694121
3694127
3694129
3694133
3694139
3694147
3694181
3694183
3694193
3694199
3694217
3694241
3694267
3694279
3694297
3694319
3694351
3694357
3694373
3694393
3694409
3694429
3694433
3694451
3694459
3694463
3694477
3694499
3694501
3694511
3694547
3694553
3694567
3694573
3694583
3694597
3694601
3694609
3694619
3694631
3694637
3694643
3694667
3694679
3694693
3694699
3694711
3694723
3694727
3694741
3694787
3694799
3694807
3694813
3694829
3694841
3694843
3694877
3694891
3694897
3694913
3694937
3694981
3694997
3695009
3695011
3695039
3695057
3695059
3695071
3695089
3695099
3695113
3695123
3695141
3695143
3695149
3695173
3695183
3695189
3695201
3695233
3695257
3695261
3695297
3695303
3695317
3695339
3695353
3695357
3695381
3695389
3695399
3695401
3695407
3695411
3695437
3695467
3695491
3695501
3695507
3695509
3695513
3695521
3695539
3695551
3695569
3695581
3695599
3695611
3695639
3695669
3695677
3695683
3695687
3695693
3695711
3695717
3695729
3695737
3695753
3695761
3695773
3695803
3695821
3695833
3695869
3695911
3695933
3695947
3695957
3695969
3695971
3695977
3695981
3695983
3696001
3696019
3696053
3696059
3696067
3696071
3696097
3696103
3696107
3696113
3696131
3696139
3696163
3696179
3696181
3696193
3696197
3696227
3696233
3696247
3696257
3696269
3696271
3696281
3696283
3696313
3696349
3696359
3696377
3696383
3696391
3696401
3696403
3696419
3696421
3696449
3696461
3696479
3696481
3696487
3696493
3696523
3696551
3696557
3696577
3696593
3696619
3696643
3696703
3696713
3696727
3696731
3696733
3696761
3696779
3696787
3696799
3696821
3696827
3696851
3696853
3696863
3696877
3696883
3696893
3696907
3696911
3696919
3696923
3696941
3696943
3696947
3696977
3696989
3697009
3697013
3697019
3697033
3697037
3697049
3697051
3697061
3697073
3697081
3697103
3697139
3697147
3697159
3697163
3697207
3697223
3697241
3697249
3697289
3697321
3697361
3697363
3697403
3697409
3697423
3697427
3697429
3697433
3697451
3697487
3697511
3697531
3697559
3697579
3697583
3697591
3697633
3697657
3697691
3697709
3697717
3697741
3697777
3697781
3697783
3697787
3697843
3697847
3697849
3697853
3697867
3697907
3697909
3697919
3697921
3697927
3697933
3697949
3697997
3698029
3698053
3698063
3698081
3698087
3698099
3698111
3698117
3698119
3698131
3698137
3698143
3698153
3698183
3698203
3698209
3698213
3698237
3698243
3698251
3698257
3698273
3698311
3698327
3698351
3698363
3698371
3698389
3698417
3698419
3698441
3698447
3698489
3698507
3698509
3698531
3698551
3698581
3698623
3698647
3698657
3698659
3698663
3698671
3698683
3698693
3698713
3698719
3698753
3698767
3698771
3698789
3698797
3698801
3698819
3698831
3698839
3698861
3698873
3698881
3698909
3698917
3698941
3698953
3698957
3698963
3698969
3698999
3699011
3699023
3699049
3699079
3699089
3699103
3699121
3699127
3699131
3699139
3699169
3699181
3699187
3699191
3699193
3699197
3699203
3699209
3699233
3699239
3699253
3699257
3699263
3699277
3699287
3699299
3699301
3699329
3699331
3699337
3699373
3699379
3699401
3699407
3699413
3699427
3699431
3699439
3699457
3699497
3699499
3699517
3699533
3699583
3699599
3699601
3699607
3699613
3699629
3699671
3699679
3699691
3699697
3699701
3699719
3699721
3699743
3699767
3699769
3699781
3699797
3699841
3699847
3699853
3699869
3699893
3699901
3699919
3699947
3699961
3700001
3700009
3700013
3700031
3700043
3700049
3700051
3700087
3700091
3700093
3700097
3700133
3700141
3700153
3700157
3700159
3700187
3700241
3700261
3700267
3700283
3700289
3700349
3700363
3700369
3700387
3700391
3700393
3700397
3700409
3700423
3700457
3700483
3700511
3700517
3700523
3700547
3700549
3700601
3700607
3700691
3700699
3700717
3700727
3700751
3700757
3700771
3700789
3700793
3700817
3700819
3700843
3700847
3700867
3700871
3700889
3700891
3700901
3700903
3700909
3700919
3700927
3700933
3700969
3700979
3700987
3700993
3701021
3701063
3701069
3701077
3701101
3701119
3701123
3701141
3701179
3701207
3701213
3701227
3701249
3701251
3701263
3701267
3701273
3701287
3701293
3701303
3701317
3701323
3701339
3701351
3701353
3701363
3701377
3701381
3701417
3701429
3701437
3701471
3701479
3701507
3701513
3701527
3701539
3701543
3701557
3701587
3701623
3701627
3701629
3701639
3701641
3701653
3701701
3701707
3701723
3701729
3701743
3701759
3701773
3701779
3701783
3701791
3701807
3701809
3701839
3701881
3701917
3701939
3701959
3701963
3701969
3701977
3701983
3702007
3702031
3702037
3702043
3702047
3702059
3702071
3702079
3702089
3702091
3702119
3702161
3702163
3702187
3702197
3702211
3702229
3702233
3702263
3702269
3702271
3702289
3702301
3702313
3702323
3702329
3702337
3702371
3702389
3702409
3702443
3702449
3702463
3702467
3702497
3702499
3702509
3702529
3702533
3702551
3702571
3702577
3702581
3702593
3702607
3702623
3702649
3702679
3702689
3702697
3702757
3702791
3702817
3702823
3702841
3702869
3702887
3702893
3702901
3702911
3702913
3702943
3702947
3702971
3702983
3703001
3703013
3703019
3703027
3703033
3703061
3703067
3703087
3703109
3703111
3703121
3703151
3703171
3703187
3703199
3703223
3703237
3703241
3703267
3703277
3703279
3703313
3703319
3703327
3703333
3703351
3703369
3703373
3703393
3703417
3703429
3703439
3703451
3703457
3703463
3703471
3703487
3703507
3703549
3703597
3703631
3703639
3703643
3703649
3703673
3703691
3703703
3703723
3703747
3703753
3703769
3703781
3703823
3703831
3703853
3703871
3703877
3703883
3703901
3703907
3703919
3703927
3703939
3703949
3703957
3703969
3703979
3704003
3704009
3704017
3704053
3704059
3704087
3704111
3704119
3704123
3704137
3704143
3704153
3704161
3704167
3704171
3704179
3704201
3704203
3704213
3704237
3704243
3704251
3704279
3704291
3704293
3704303
3704341
3704353
3704369
3704381
3704387
3704417
3704443
3704461
3704507
3704513
3704537
3704543
3704573
3704581
3704599
3704611
3704621
3704629
3704651
3704653
3704671
3704689
3704693
3704707
3704731
3704737
3704741
3704747
3704749
3704761
3704819
3704821
3704843
3704849
3704873
3704879
3704887
3704941
3704947
3704951
3704959
3705017
3705029
3705041
3705059
3705067
3705077
3705083
3705101
3705113
3705137
3705161
3705187
3705193
3705197
3705199
3705227
3705241
3705257
3705271
3705281
3705287
3705311
3705329
3705343
3705347
3705367
3705379
3705391
3705409
3705421
3705431
3705451
3705463
3705467
3705469
3705491
3705503
3705509
3705511
3705521
3705593
3705617
3705619
3705623
3705629
3705659
3705679
3705719
3705739
3705749
3705763
3705769
3705773
3705799
3705827
3705839
3705841
3705851
3705853
3705887
3705899
3705901
3705917
3705929
3705941
3705959
3706009
3706039
3706067
3706069
3706093
3706097
3706099
3706111
3706123
3706133
3706139
3706141
3706163
3706181
3706189
3706193
3706201
3706247
3706259
3706301
3706303
3706309
3706369
3706379
3706393
3706399
3706433
3706447
3706487
3706489
3706499
3706529
3706609
3706621
3706627
3706631
3706649
3706669
3706679
3706723
3706733
3706741
3706753
3706777
3706817
3706819
3706837
3706861
3706883
3706889
3706891
3706897
3706921
3706931
3706961
3707021
3707051
3707063
3707069
3707087
3707101
3707107
3707111
3707113
3707149
3707161
3707167
3707189
3707203
3707213
3707237
3707239
3707287
3707293
3707317
3707339
3707351
3707359
3707369
3707381
3707399
3707401
3707419
3707449
3707453
3707461
3707471
3707477
3707491
3707497
3707533
3707537
3707573
3707593
3707611
3707617
3707629
3707633
3707653
3707663
3707677
3707681
3707699
3707701
3707719
3707741
3707749
3707771
3707773
3707777
3707789
3707791
3707797
3707813
3707839
3707849
3707857
3707861
3707863
3707867
3707923
3707927
3707947
3707953
3707987
3708017
3708031
3708041
3708043
3708049
3708073
3708077
3708101
3708119
3708121
3708137
3708139
3708151
3708157
3708161
3708169
3708203
3708223
3708241
3708269
3708283
3708293
3708301
3708307
3708319
3708323
3708349
3708371
3708421
3708443
3708469
3708487
3708493
3708503
3708511
3708521
3708539
3708559
3708571
3708577
3708581
3708587
3708611
3708613
3708631
3708637
3708641
3708643
3708673
3708697
3708709
3708751
3708791
3708797
3708841
3708847
3708853
3708863
3708869
3708877
3708883
3708889
3708893
3708899
3708923
3708931
3708949
3708959
3708961
3708967
3708977
3708997
3709007
3709019
3709031
3709033
3709039
3709061
3709073
3709081
3709091
3709103
3709109
3709117
3709157
3709163
3709249
3709259
3709291
3709301
3709319
3709327
3709331
3709333
3709337
3709357
3709397
3709403
3709421
3709423
3709441
3709457
3709487
3709499
3709501
3709513
3709561
3709577
3709631
3709633
3709661
3709681
3709687
3709691
3709703
3709711
3709733
3709747
3709759
3709781
3709813
3709817
3709819
3709829
3709843
3709873
3709907
3709913
3709939
3709943
3709949
3710009
3710089
3710123
3710137
3710167
3710171
3710209
3710243
3710257
3710279
3710281
3710293
3710299
3710303
3710387
3710407
3710411
3710417
3710419
3710431
3710461
3710467
3710501
3710507
3710543
3710549
3710561
3710593
3710611
3710617
3710621
3710627
3710647
3710657
3710683
3710699
3710701
3710711
3710713
3710723
3710741
3710761
3710783
3710801
3710821
3710827
3710831
3710851
3710873
3710881
3710891
3710893
3710921
3710963
3711017
3711047
3711053
3711077
3711091
3711107
3711109
3711121
3711131
3711139
3711157
3711199
3711203
3711209
3711221
3711229
3711233
3711263
3711269
3711271
3711299
3711307
3711311
3711313
3711319
3711329
3711343
3711353
3711371
3711377
3711401
3711419
3711451
3711473
3711481
3711493
3711497
3711527
3711529
3711541
3711557
3711563
3711577
3711611
3711613
3711647
3711679
3711683
3711691
3711709
3711713
3711727
3711737
3711751
3711761
3711769
3711779
3711781
3711787
3711793
3711817
3711833
3711857
3711863
3711881
3711893
3711907
3711941
3711943
3711959
3711989
3712019
3712021
3712043
3712063
3712073
3712081
3712091
3712097
3712117
3712127
3712139
3712141
3712169
3712187
3712199
3712207
3712231
3712249
3712253
3712259
3712271
3712283
3712297
3712301
3712309
3712327
3712333
3712349
3712363
3712369
3712381
3712393
3712417
3712421
3712441
3712459
3712463
3712487
3712517
3712523
3712531
3712547
3712549
3712559
3712567
3712571
3712573
3712589
3712601
3712627
3712669
3712679
3712697
3712699
3712711
3712717
3712721
3712739
3712747
3712757
3712769
3712801
3712823
3712831
3712843
3712871
3712873
3712889
3712897
3712909
3712927
3712949
3712979
3712981
3713027
3713041
3713053
3713057
3713069
3713071
3713077
3713081
3713147
3713153
3713159
3713161
3713219
3713239
3713251
3713261
3713263
3713267
3713279
3713287
3713299
3713309
3713317
3713323
3713387
3713399
3713407
3713441
3713443
3713447
3713449
3713453
3713461
3713473
3713477
3713483
3713491
3713533
3713561
3713573
3713581
3713587
3713617
3713621
3713623
3713627
3713639
3713681
3713737
3713747
3713753
3713767
3713771
3713789
3713807
3713849
3713851
3713887
3713891
3713909
3713917
3713921
3713923
3713929
3713993
3713999
3714013
3714019
3714031
3714037
3714043
3714049
3714089
3714091
3714103
3714121
3714131
3714133
3714157
3714163
3714181
3714239
3714241
3714259
3714307
3714311
3714323
3714331
3714341
3714391
3714397
3714409
3714419
3714433
3714437
3714439
3714461
3714479
3714493
3714521
3714527
3714553
3714563
3714587
3714589
3714617
3714629
3714631
3714643
3714647
3714673
3714691
3714701
3714703
3714713
3714731
3714743
3714769
3714773
3714779
3714797
3714803
3714811
3714827
3714859
3714863
3714883
3714889
3714913
3714943
3714967
3714973
3714979
3714989
3715031
3715037
3715069
3715079
3715087
3715093
3715109
3715111
3715169
3715183
3715193
3715211
3715253
3715307
3715343
3715363
3715373
3715399
3715409
3715417
3715421
3715423
3715433
3715457
3715471
3715477
3715493
3715511
3715513
3715541
3715559
3715561
3715589
3715601
3715631
3715637
3715667
3715669
3715687
3715703
3715709
3715717
3715727
3715729
3715739
3715757
3715781
3715783
3715787
3715793
3715807
3715813
3715823
3715837
3715841
3715847
3715853
3715889
3715909
3715913
3715951
3715967
3715981
3715991
3716029
3716057
3716071
3716107
3716123
3716131
3716143
3716161
3716171
3716173
3716177
3716197
3716221
3716227
3716257
3716269
3716291
3716299
3716309
3716333
3716341
3716359
3716369
3716371
3716393
3716429
3716459
3716467
3716483
3716543
3716567
3716569
3716597
3716599
3716617
3716623
3716627
3716633
3716641
3716653
3716663
3716677
3716681
3716701
3716707
3716719
3716747
3716753
3716759
3716771
3716819
3716821
3716827
3716831
3716833
3716857
3716879
3716887
3716903
3716917
3716969
3716971
3716981
3717011
3717023
3717031
3717041
3717047
3717061
3717071
3717083
3717107
3717113
3717127
3717139
3717149
3717173
3717209
3717223
3717239
3717247
3717257
3717269
3717281
3717299
3717313
3717317
3717319
3717323
3717341
3717359
3717377
3717391
3717397
3717409
3717431
3717437
3717449
3717451
3717457
3717499
3717533
3717547
3717557
3717563
3717583
3717589
3717599
3717601
3717607
3717641
3717647
3717667
3717683
3717689
3717731
3717739
3717751
3717761
3717803
3717809
3717811
3717821
3717853
3717859
3717869
3717893
3717899
3717919
3717937
3717941
3717947
3717953
3717971
3717979
3718021
3718027
3718037
3718051
3718067
3718069
3718097
3718103
3718139
3718147
3718159
3718181
3718207
3718229
3718259
3718277
3718279
3718303
3718307
3718327
3718349
3718361
3718373
3718381
3718397
3718411
3718417
3718423
3718439
3718457
3718459
3718489
3718501
3718513
3718549
3718553
3718573
3718607
3718613
3718619
3718633
3718643
3718651
3718657
3718669
3718681
3718739
3718751
3718763
3718777
3718783
3718789
3718807
3718831
3718837
3718849
3718861
3718867
3718877
3718879
3718901
3718919
3718951
3718963
3718993
3718997
3719011
3719017
3719029
3719057
3719059
3719087
3719119
3719153
3719159
3719161
3719167
3719179
3719197
3719201
3719207
3719239
3719267
3719273
3719291
3719299
3719321
3719323
3719329
3719333
3719341
3719347
3719377
3719389
3719393
3719431
3719461
3719467
3719519
3719531
3719539
3719563
3719567
3719579
3719587
3719623
3719633
3719657
3719663
3719669
3719693
3719701
3719707
3719711
3719713
3719717
3719747
3719759
3719777
3719789
3719791
3719797
3719803
3719827
3719831
3719851
3719857
3719867
3719879
3719897
3719899
3719921
3719939
3719959
3719981
3719983
3719987
3719993
3719999
3720011
3720023
3720037
3720103
3720113
3720121
3720137
3720151
3720163
3720169
3720179
3720209
3720247
3720251
3720253
3720293
3720337
3720349
3720359
3720361
3720373
3720383
3720391
3720397
3720401
3720407
3720413
3720421
3720427
3720469
3720487
3720491
3720511
3720551
3720553
3720571
3720581
3720583
3720617
3720623
3720649
3720667
3720677
3720697
3720701
3720707
3720767
3720781
3720797
3720811
3720839
3720851
3720853
3720859
3720869
3720877
3720887
3720889
3720907
3720911
3720923
3720929
3720947
3720989
3721027
3721033
3721049
3721051
3721063
3721087
3721097
3721099
3721117
3721129
3721141
3721153
3721163
3721171
3721199
3721213
3721217
3721229
3721259
3721273
3721279
3721297
3721301
3721303
3721327
3721337
3721339
3721363
3721379
3721391
3721409
3721411
3721439
3721451
3721463
3721477
3721489
3721537
3721559
3721583
3721603
3721621
3721631
3721673
3721717
3721721
3721727
3721741
3721771
3721787
3721799
3721807
3721811
3721813
3721847
3721849
3721859
3721873
3721877
3721901
3721919
3721931
3721933
3721943
3721957
3721973
3721981
3722009
3722011
3722027
3722029
3722039
3722053
3722083
3722087
3722101
3722129
3722143
3722149
3722171
3722177
3722183
3722189
3722207
3722219
3722221
3722231
3722249
3722273
3722291
3722293
3722339
3722351
3722357
3722393
3722413
3722419
3722437
3722443
3722479
3722491
3722519
3722549
3722567
3722591
3722599
3722611
3722617
3722623
3722629
3722683
3722687
3722699
3722713
3722767
3722791
3722801
3722809
3722819
3722827
3722833
3722843
3722861
3722867
3722893
3722899
3722911
3722921
3722947
3722951
3723001
3723019
3723023
3723029
3723047
3723053
3723059
3723061
3723067
3723089
3723121
3723149
3723211
3723227
3723233
3723271
3723277
3723283
3723287
3723299
3723319
3723329
3723337
3723359
3723383
3723389
3723407
3723427
3723439
3723443
3723451
3723469
3723521
3723529
3723547
3723581
3723589
3723593
3723607
3723617
3723637
3723641
3723647
3723649
3723679
3723719
3723721
3723739
3723749
3723773
3723779
3723781
3723787
3723809
3723847
3723869
3723871
3723893
3723913
3723931
3723947
3723959
3724001
3724031
3724033
3724043
3724051
3724067
3724069
3724073
3724079
3724099
3724103
3724109
3724117
3724129
3724157
3724159
3724169
3724181
3724211
3724213
3724223
3724243
3724249
3724261
3724277
3724289
3724291
3724307
3724313
3724319
3724333
3724339
3724379
3724393
3724403
3724423
3724429
3724439
3724471
3724489
3724507
3724519
3724537
3724541
3724543
3724559
3724573
3724579
3724603
3724621
3724631
3724657
3724661
3724663
3724667
3724709
3724711
3724733
3724757
3724807
3724813
3724823
3724837
3724849
3724859
3724879
3724883
3724907
3724913
3724927
3724933
3724937
3724939
3724943
3724967
3724979
3724993
3724997
3725017
3725027
3725041
3725069
3725077
3725101
3725107
3725119
3725147
3725153
3725179
3725203
3725207
3725213
3725221
3725231
3725233
3725251
3725257
3725279
3725303
3725347
3725357
3725389
3725411
3725413
3725443
3725459
3725461
3725473
3725489
3725503
3725507
3725521
3725551
3725569
3725573
3725591
3725597
3725651
3725663
3725677
3725681
3725693
3725699
3725707
3725713
3725731
3725753
3725759
3725783
3725809
3725849
3725857
3725879
3725893
3725899
3725923
3725929
3725933
3725951
3725959
3725963
3725971
3725987
3726001
3726013
3726029
3726083
3726089
3726097
3726103
3726127
3726131
3726137
3726143
3726157
3726187
3726197
3726211
3726221
3726241
3726259
3726277
3726311
3726313
3726319
3726323
3726329
3726347
3726353
3726361
3726397
3726403
3726407
3726409
3726419
3726421
3726439
3726461
3726467
3726469
3726491
3726511
3726523
3726533
3726539
3726559
3726571
3726581
3726599
3726623
3726629
3726631
3726647
3726661
3726683
3726691
3726721
3726731
3726733
3726739
3726743
3726763
3726769
3726773
3726787
3726797
3726803
3726809
3726817
3726823
3726839
3726841
3726847
3726871
3726881
3726889
3726911
3726923
3726929
3726953
3726977
3726979
3726991
3727019
3727027
3727033
3727049
3727057
3727067
3727091
3727103
3727123
3727153
3727159
3727169
3727177
3727189
3727193
3727247
3727259
3727279
3727291
3727303
3727309
3727313
3727387
3727397
3727441
3727459
3727463
3727483
3727487
3727489
3727501
3727513
3727579
3727609
3727621
3727663
3727681
3727687
3727693
3727699
3727721
3727723
3727727
3727729
3727741
3727751
3727753
3727769
3727793
3727837
3727847
3727849
3727853
3727859
3727873
3727877
3727903
3727937
3727939
3727949
3727951
3727961
3727991
3728017
3728041
3728051
3728063
3728069
3728099
3728113
3728141
3728149
3728173
3728177
3728189
3728203
3728243
3728251
3728267
3728273
3728293
3728297
3728303
3728311
3728317
3728357
3728359
3728363
3728371
3728377
3728393
3728407
3728411
3728429
3728441
3728447
3728471
3728479
3728489
3728509
3728513
3728533
3728537
3728561
3728591
3728597
3728611
3728633
3728671
3728687
3728713
3728717
3728719
3728743
3728759
3728779
3728789
3728821
3728861
3728863
3728867
3728873
3728891
3728911
3728939
3728947
3728957
3728969
3728983
3728987
3729007
3729017
3729031
3729041
3729043
3729049
3729053
3729067
3729071
3729097
3729109
3729157
3729161
3729169
3729179
3729181
3729191
3729199
3729203
3729227
3729233
3729241
3729259
3729293
3729311
3729317
3729329
3729337
3729373
3729379
3729389
3729391
3729413
3729419
3729437
3729457
3729461
3729463
3729493
3729499
3729503
3729521
3729533
3729541
3729547
3729569
3729571
3729581
3729587
3729589
3729629
3729659
3729667
3729673
3729697
3729709
3729721
3729727
3729731
3729751
3729767
3729793
3729797
3729799
3729809
3729853
3729877
3729883
3729899
3729911
3729931
3729959
3729961
3729977
3729983
3729989
3729991
3729997
3730003
3730019
3730033
3730063
3730093
3730141
3730147
3730159
3730171
3730187
3730189
3730201
3730219
3730231
3730247
3730267
3730271
3730277
3730283
3730297
3730313
3730319
3730339
3730367
3730381
3730387
3730423
3730427
3730453
3730457
3730471
3730483
3730499
3730537
3730541
3730547
3730561
3730579
3730583
3730607
3730619
3730651
3730679
3730681
3730693
3730697
3730703
3730721
3730729
3730733
3730739
3730759
3730777
3730781
3730787
3730799
3730801
3730817
3730823
3730841
3730847
3730849
3730861
3730889
3730901
3730919
3730949
3730967
3730997
3731003
3731009
3731017
3731069
3731071
3731081
3731089
3731093
3731107
3731137
3731141
3731173
3731207
3731209
3731213
3731237
3731251
3731257
3731303
3731311
3731333
3731341
3731393
3731417
3731443
3731447
3731461
3731473
3731477
3731489
3731491
3731509
3731513
3731521
3731527
3731531
3731549
3731557
3731579
3731591
3731593
3731603
3731621
3731627
3731683
3731701
3731711
3731713
3731731
3731737
3731747
3731759
3731801
3731803
3731821
3731843
3731851
3731863
3731867
3731869
3731887
3731909
3731933
3731947
3731953
3731963
3731969
3731983
3731989
3732007
3732019
3732031
3732073
3732077
3732083
3732103
3732109
3732139
3732143
3732161
3732167
3732173
3732191
3732203
3732217
3732221
3732241
3732259
3732293
3732343
3732347
3732349
3732373
3732383
3732389
3732397
3732409
3732433
3732437
3732439
3732461
3732467
3732479
3732499
3732511
3732551
3732577
3732581
3732587
3732629
3732649
3732653
3732661
3732691
3732697
3732719
3732727
3732761
3732769
3732779
3732791
3732853
3732857
3732887
3732899
3732907
3732917
3732919
3732931
3732961
3732973
3732977
3732983
3732997
3733003
3733021
3733027
3733031
3733049
3733057
3733099
3733111
3733133
3733157
3733159
3733193
3733207
3733211
3733229
3733231
3733259
3733271
3733273
3733297
3733313
3733321
3733333
3733363
3733381
3733397
3733399
3733417
3733447
3733453
3733459
3733463
3733507
3733511
3733517
3733531
3733537
3733549
3733607
3733621
3733637
3733649
3733669
3733687
3733703
3733729
3733739
3733757
3733771
3733787
3733789
3733799
3733801
3733831
3733879
3733883
3733913
3733963
3733967
3733969
3733973
3733987
3734039
3734053
3734057
3734083
3734113
3734117
3734123
3734141
3734149
3734153
3734179
3734183
3734191
3734219
3734261
3734293
3734323
3734329
3734371
3734383
3734399
3734411
3734413
3734429
3734443
3734453
3734473
3734491
3734501
3734519
3734531
3734557
3734569
3734587
3734609
3734617
3734657
3734681
3734693
3734699
3734711
3734719
3734737
3734741
3734749
3734767
3734779
3734821
3734833
3734837
3734839
3734867
3734893
3734903
3734909
3734953
3734957
3734987
3734999
3735007
3735013
3735047
3735073
3735101
3735119
3735139
3735161
3735163
3735167
3735169
3735181
3735209
3735217
3735227
3735233
3735247
3735253
3735271
3735293
3735299
3735301
3735323
3735341
3735353
3735371
3735377
3735379
3735401
3735439
3735443
3735449
3735481
3735497
3735517
3735527
3735541
3735547
3735553
3735569
3735583
3735587
3735601
3735617
3735619
3735649
3735653
3735661
3735671
3735679
3735709
3735713
3735731
3735737
3735763
3735773
3735793
3735817
3735829
3735833
3735847
3735857
3735859
3735863
3735881
3735887
3735911
3735923
3735929
3735931
3735943
3735967
3736003
3736037
3736049
3736063
3736069
3736081
3736087
3736111
3736133
3736153
3736163
3736169
3736199
3736211
3736219
3736231
3736241
3736247
3736253
3736259
3736261
3736279
3736283
3736301
3736307
3736349
3736351
3736367
3736391
3736393
3736409
3736423
3736429
3736471
3736477
3736501
3736507
3736541
3736543
3736567
3736573
3736589
3736591
3736609
3736613
3736619
3736639
3736669
3736717
3736723
3736739
3736763
3736769
3736783
3736793
3736807
3736813
3736823
3736841
3736849
3736861
3736867
3736877
3736927
3736933
3736951
3736981
3736987
3737003
3737009
3737029
3737039
3737047
3737057
3737077
3737117
3737131
3737137
3737141
3737147
3737159
3737177
3737179
3737183
3737197
3737203
3737231
3737233
3737269
3737291
3737311
3737323
3737347
3737351
3737353
3737359
3737387
3737417
3737423
3737449
3737521
3737543
3737557
3737563
3737579
3737593
3737597
3737599
3737609
3737611
3737621
3737633
3737647
3737659
3737663
3737677
3737687
3737711
3737731
3737743
3737749
3737791
3737821
3737837
3737843
3737857
3737869
3737873
3737879
3737893
3737933
3737939
3737941
3737953
3737959
3737969
3737989
3738001
3738017
3738023
3738047
3738101
3738103
3738107
3738157
3738169
3738173
3738191
3738209
3738211
3738223
3738227
3738233
3738247
3738253
3738277
3738281
3738289
3738311
3738323
3738353
3738391
3738401
3738409
3738431
3738437
3738451
3738457
3738479
3738481
3738509
3738529
3738541
3738551
3738563
3738583
3738587
3738607
3738617
3738659
3738661
3738701
3738733
3738743
3738769
3738781
3738829
3738853
3738859
3738869
3738881
3738907
3738923
3738937
3738947
3738967
3738971
3739009
3739019
3739039
3739051
3739061
3739063
3739079
3739103
3739111
3739123
3739129
3739139
3739163
3739187
3739193
3739199
3739247
3739249
3739259
3739291
3739301
3739319
3739339
3739349
3739381
3739387
3739391
3739397
3739403
3739427
3739429
3739433
3739441
3739459
3739469
3739481
3739493
3739511
3739531
3739573
3739577
3739591
3739613
3739661
3739663
3739669
3739699
3739759
3739763
3739793
3739819
3739831
3739843
3739859
3739867
3739877
3739889
3739891
3739909
3739921
3739943
3739987
3739991
3739993
3739999
3740021
3740039
3740059
3740081
3740083
3740089
3740161
3740171
3740173
3740179
3740189
3740197
3740201
3740251
3740267
3740281
3740287
3740291
3740309
3740311
3740339
3740371
3740393
3740419
3740437
3740453
3740461
3740483
3740497
3740501
3740519
3740537
3740557
3740567
3740573
3740579
3740591
3740609
3740669
3740689
3740707
3740747
3740767
3740773
3740783
3740809
3740837
3740843
3740851
3740873
3740879
3740897
3740903
3740909
3740911
3740923
3740981
3740993
3741011
3741047
3741053
3741077
3741097
3741103
3741113
3741121
3741151
3741161
3741163
3741167
3741169
3741197
3741211
3741223
3741239
3741253
3741259
3741299
3741307
3741337
3741349
3741379
3741383
3741401
3741407
3741431
3741443
3741449
3741457
3741497
3741523
3741533
3741541
3741583
3741587
3741589
3741593
3741599
3741611
3741653
3741671
3741707
3741713
3741719
3741733
3741737
3741739
3741743
3741757
3741767
3741799
3741809
3741821
3741823
3741833
3741863
3741877
3741919
3741929
3741943
3741961
3741971
3741973
3741977
3742009
3742033
3742043
3742049
3742051
3742061
3742087
3742099
3742117
3742121
3742127
3742133
3742139
3742201
3742223
3742229
3742231
3742237
3742241
3742243
3742267
3742273
3742279
3742283
3742301
3742331
3742337
3742367
3742369
3742379
3742391
3742451
3742457
3742477
3742493
3742523
3742561
3742573
3742577
3742579
3742621
3742631
3742633
3742649
3742667
3742681
3742693
3742699
3742709
3742727
3742729
3742741
3742789
3742793
3742841
3742861
3742877
3742891
3742919
3742933
3742961
3742987
3742993
3743011
3743017
3743023
3743039
3743041
3743053
3743081
3743083
3743119
3743141
3743149
3743153
3743183
3743203
3743237
3743239
3743249
3743263
3743269
3743297
3743303
3743309
3743317
3743321
3743371
3743381
3743393
3743419
3743447
3743449
3743459
3743461
3743473
3743477
3743479
3743483
3743489
3743497
3743527
3743533
3743539
3743543
3743557
3743599
3743647
3743651
3743657
3743671
3743681
3743683
3743699
3743711
3743717
3743737
3743749
3743797
3743837
3743843
3743851
3743863
3743897
3743903
3743959
3743981
3743983
3743989
3744001
3744017
3744019
3744023
3744031
3744049
3744071
3744089
3744109
3744113
3744133
3744163
3744179
3744187
3744217
3744227
3744253
3744263
3744287
3744313
3744329
3744353
3744361
3744371
3744383
3744401
3744409
3744431
3744449
3744467
3744493
3744523
3744527
3744541
3744551
3744613
3744619
3744623
3744647
3744661
3744667
3744673
3744677
3744701
3744731
3744737
3744757
3744761
3744781
3744787
3744809
3744823
3744863
3744869
3744941
3744943
3744953
3744967
3744971
3744991
3744997
3745019
3745051
3745069
3745087
3745111
3745127
3745129
3745163
3745187
3745193
3745199
3745201
3745211
3745229
3745241
3745243
3745249
3745283
3745303
3745331
3745361
3745393
3745397
3745439
3745453
3745459
3745471
3745487
3745493
3745499
3745507
3745519
3745529
3745531
3745537
3745543
3745589
3745591
3745597
3745607
3745613
3745631
3745649
3745663
3745691
3745697
3745723
3745739
3745771
3745783
3745789
3745811
3745813
3745829
3745867
3745877
3745879
3745891
3745897
3745913
3745939
3745957
3745961
3745997
3745999
3746027
3746051
3746053
3746077
3746081
3746089
3746107
3746111
3746143
3746147
3746153
3746167
3746179
3746201
3746209
3746219
3746227
3746233
3746269
3746299
3746317
3746329
3746333
3746339
3746359
3746377
3746383
3746387
3746399
3746453
3746471
3746473
3746497
3746503
3746507
3746513
3746521
3746527
3746549
3746551
3746557
3746563
3746581
3746593
3746641
3746651
3746663
3746671
3746689
3746693
3746711
3746737
3746747
3746767
3746773
3746779
3746789
3746791
3746801
3746837
3746839
3746843
3746909
3746921
3746927
3746929
3746969
3746983
3747019
3747043
3747053
3747067
3747071
3747077
3747083
3747097
3747131
3747181
3747197
3747223
3747241
3747299
3747307
3747319
3747329
3747343
3747347
3747349
3747371
3747379
3747383
3747391
3747431
3747479
3747521
3747539
3747547
3747581
3747587
3747589
3747607
3747629
3747637
3747649
3747671
3747691
3747703
3747707
3747713
3747719
3747721
3747727
3747749
3747761
3747787
3747811
3747823
3747833
3747847
3747899
3747917
3747929
3747949
3747979
3748021
3748027
3748033
3748037
3748049
3748051
3748079
3748099
3748123
3748127
3748133
3748139
3748141
3748153
3748169
3748189
3748193
3748207
3748219
3748229
3748231
3748243
3748289
3748307
3748309
3748351
3748357
3748361
3748387
3748397
3748399
3748417
3748441
3748463
3748469
3748487
3748499
3748519
3748523
3748541
3748543
3748553
3748559
3748561
3748571
3748573
3748597
3748603
3748607
3748651
3748663
3748669
3748699
3748709
3748711
3748733
3748739
3748741
3748751
3748763
3748781
3748813
3748819
3748831
3748841
3748847
3748867
3748879
3748883
3748889
3748897
3748903
3748907
3748933
3748939
3748957
3748963
3748967
3748973
3748981
3748991
3749021
3749029
3749071
3749077
3749087
3749093
3749101
3749111
3749117
3749153
3749183
3749189
3749191
3749219
3749257
3749267
3749281
3749293
3749309
3749311
3749329
3749363
3749371
3749377
3749393
3749399
3749407
3749443
3749461
3749477
3749527
3749531
3749533
3749549
3749561
3749563
3749569
3749587
3749597
3749611
3749623
3749633
3749653
3749657
3749677
3749687
3749699
3749761
3749771
3749773
3749807
3749833
3749849
3749861
3749869
3749873
3749881
3749891
3749939
3749947
3749951
3749957
3749959
3749969
3749971
3750001
3750017
3750031
3750037
3750041
3750067
3750079
3750113
3750119
3750151
3750157
3750167
3750169
3750199
3750203
3750211
3750221
3750223
3750233
3750247
3750269
3750293
3750301
3750317
3750323
3750337
3750347
3750361
3750379
3750389
3750407
3750419
3750443
3750451
3750493
3750499
3750511
3750517
3750529
3750533
3750547
3750559
3750563
3750577
3750611
3750613
3750623
3750631
3750697
3750701
3750731
3750737
3750739
3750751
3750767
3750781
3750787
3750797
3750827
3750833
3750839
3750869
3750883
3750917
3750919
3750937
3750953
3750977
3750979
3750997
3751003
3751009
3751021
3751057
3751081
3751091
3751103
3751133
3751141
3751177
3751183
3751207
3751219
3751229
3751243
3751259
3751273
3751283
3751289
3751291
3751301
3751309
3751343
3751357
3751367
3751381
3751387
3751409
3751421
3751457
3751463
3751477
3751481
3751511
3751519
3751523
3751547
3751549
3751567
3751571
3751591
3751597
3751603
3751609
3751613
3751637
3751639
3751663
3751673
3751703
3751717
3751723
3751729
3751733
3751739
3751753
3751777
3751801
3751807
3751819
3751823
3751831
3751843
3751859
3751861
3751871
3751901
3751907
3751919
3752009
3752017
3752039
3752069
3752081
3752093
3752117
3752131
3752141
3752149
3752153
3752159
3752183
3752191
3752219
3752237
3752239
3752249
3752261
3752299
3752303
3752317
3752321
3752327
3752351
3752369
3752387
3752389
3752401
3752407
3752431
3752447
3752467
3752477
3752531
3752533
3752549
3752561
3752569
3752587
3752591
3752641
3752647
3752663
3752669
3752677
3752681
3752719
3752729
3752731
3752741
3752759
3752773
3752779
3752783
3752789
3752807
3752831
3752839
3752849
3752851
3752909
3752921
3752923
3752929
3752939
3752981
3752993
3752999
3753007
3753023
3753031
3753067
3753109
3753133
3753137
3753143
3753157
3753179
3753193
3753199
3753223
3753229
3753251
3753257
3753287
3753289
3753307
3753329
3753331
3753349
3753353
3753359
3753361
3753367
3753371
3753377
3753419
3753433
3753437
3753457
3753487
3753493
3753523
3753551
3753553
3753559
3753569
3753593
3753611
3753643
3753647
3753653
3753661
3753671
3753679
3753683
3753691
3753707
3753721
3753751
3753767
3753779
3753781
3753791
3753793
3753817
3753823
3753829
3753833
3753839
3753859
3753877
3753913
3753917
3753929
3753947
3753949
3753961
3753979
3753989
3754019
3754033
3754087
3754099
3754103
3754117
3754133
3754139
3754141
3754147
3754151
3754169
3754183
3754187
3754241
3754243
3754259
3754277
3754291
3754301
3754307
3754319
3754321
3754349
3754357
3754363
3754391
3754393
3754397
3754403
3754423
3754469
3754507
3754511
3754519
3754567
3754577
3754607
3754669
3754687
3754691
3754697
3754711
3754721
3754741
3754757
3754763
3754769
3754771
3754787
3754789
3754811
3754823
3754843
3754867
3754873
3754897
3754921
3754963
3754973
3754979
3754981
3755023
3755041
3755051
3755053
3755057
3755069
3755077
3755083
3755117
3755137
3755153
3755183
3755189
3755197
3755203
3755237
3755243
3755267
3755273
3755287
3755299
3755333
3755359
3755383
3755387
3755429
3755431
3755443
3755447
3755449
3755459
3755489
3755513
3755539
3755561
3755617
3755621
3755627
3755651
3755669
3755671
3755677
3755701
3755707
3755729
3755747
3755753
3755779
3755783
3755797
3755803
3755809
3755821
3755837
3755849
3755879
3755891
3755909
3755959
3756001
3756019
3756023
3756029
3756037
3756041
3756059
3756073
3756079
3756097
3756119
3756139
3756143
3756149
3756157
3756161
3756173
3756209
3756211
3756223
3756227
3756229
3756241
3756251
3756253
3756257
3756271
3756289
3756299
3756317
3756323
3756367
3756373
3756377
3756391
3756413
3756421
3756443
3756451
3756479
3756491
3756503
3756517
3756527
3756551
3756559
3756581
3756607
3756617
3756619
3756629
3756637
3756667
3756671
3756691
3756703
3756733
3756763
3756773
3756791
3756793
3756803
3756817
3756821
3756827
3756833
3756839
3756887
3756917
3756923
3756937
3756941
3756947
3756989
3757007
3757009
3757043
3757063
3757067
3757069
3757081
3757087
3757093
3757097
3757109
3757111
3757147
3757151
3757157
3757163
3757177
3757189
3757207
3757261
3757267
3757279
3757283
3757331
3757361
3757367
3757393
3757399
3757423
3757433
3757447
3757451
3757463
3757471
3757511
3757513
3757571
3757577
3757583
3757601
3757619
3757643
3757657
3757673
3757703
3757709
3757711
3757723
3757729
3757777
3757781
3757807
3757811
3757823
3757837
3757861
3757879
3757891
3757909
3757927
3757931
3757933
3757939
3757961
3757981
3758017
3758021
3758033
3758077
3758087
3758089
3758093
3758107
3758137
3758141
3758159
3758189
3758221
3758233
3758263
3758273
3758281
3758297
3758299
3758317
3758341
3758351
3758353
3758369
3758383
3758387
3758413
3758431
3758467
3758473
3758483
3758507
3758509
3758537
3758539
3758569
3758597
3758609
3758611
3758621
3758627
3758639
3758659
3758663
3758693
3758701
3758723
3758743
3758747
3758761
3758791
3758809
3758851
3758857
3758861
3758879
3758891
3758927
3758929
3758933
3758939
3758947
3758969
3758971
3758999
3759001
3759011
3759031
3759037
3759047
3759053
3759101
3759127
3759137
3759149
3759199
3759209
3759211
3759221
3759251
3759253
3759257
3759263
3759289
3759323
3759341
3759367
3759377
3759407
3759433
3759439
3759451
3759461
3759479
3759487
3759517
3759527
3759563
3759593
3759611
3759617
3759643
3759667
3759677
3759683
3759713
3759727
3759751
3759757
3759761
3759779
3759781
3759793
3759797
3759799
3759851
3759863
3759869
3759871
3759881
3759883
3759901
3759919
3759949
3759961
3759989
3759991
3760007
3760027
3760033
3760037
3760039
3760067
3760073
3760079
3760103
3760117
3760121
3760123
3760147
3760171
3760193
3760243
3760249
3760261
3760279
3760283
3760319
3760327
3760333
3760357
3760363
3760381
3760411
3760433
3760441
3760447
3760453
3760487
3760489
3760507
3760511
3760529
3760531
3760541
3760567
3760577
3760591
3760639
3760693
3760759
3760763
3760769
3760789
3760811
3760819
3760831
3760843
3760871
3760903
3760919
3760921
3760973
3760997
3761003
3761027
3761047
3761059
3761071
3761117
3761119
3761123
3761159
3761171
3761189
3761203
3761227
3761231
3761239
3761279
3761293
3761333
3761389
3761393
3761413
3761419
3761423
3761441
3761473
3761501
3761507
3761557
3761591
3761599
3761629
3761647
3761669
3761701
3761707
3761711
3761713
3761729
3761731
3761741
3761749
3761773
3761789
3761801
3761831
3761837
3761843
3761861
3761893
3761897
3761929
3761959
3761963
3761971
3761977
3761999
3762001
3762007
3762047
3762061
3762091
3762097
3762103
3762131
3762137
3762139
3762163
3762169
3762173
3762181
3762211
3762259
3762263
3762277
3762299
3762329
3762331
3762349
3762359
3762379
3762383
3762403
3762433
3762449
3762461
3762469
3762497
3762587
3762599
3762601
3762613
3762623
3762631
3762667
3762673
3762683
3762701
3762709
3762719
3762739
3762767
3762799
3762821
3762833
3762839
3762877
3762881
3762911
3762917
3762949
3762977
3762989
3762991
3763003
3763027
3763031
3763033
3763043
3763057
3763063
3763093
3763141
3763153
3763169
3763211
3763217
3763229
3763241
3763247
3763259
3763271
3763313
3763321
3763327
3763339
3763343
3763363
3763399
3763423
3763427
3763429
3763453
3763471
3763483
3763523
3763531
3763537
3763561
3763567
3763589
3763601
3763609
3763621
3763633
3763657
3763663
3763667
3763673
3763699
3763709
3763717
3763733
3763757
3763763
3763769
3763777
3763811
3763813
3763819
3763829
3763831
3763861
3763867
3763871
3763873
3763897
3763931
3763933
3763937
3763979
3763999
3764003
3764009
3764041
3764053
3764093
3764107
3764119
3764149
3764197
3764209
3764213
3764227
3764239
3764273
3764291
3764303
3764311
3764323
3764329
3764339
3764351
3764357
3764359
3764363
3764393
3764399
3764401
3764437
3764441
3764443
3764447
3764459
3764471
3764477
3764503
3764543
3764569
3764591
3764597
3764647
3764659
3764669
3764687
3764711
3764759
3764767
3764771
3764773
3764791
3764807
3764843
3764863
3764879
3764899
3764911
3764923
3764933
3764947
3764953
3764993
3765011
3765019
3765023
3765049
3765079
3765089
3765101
3765107
3765127
3765149
3765161
3765197
3765227
3765233
3765239
3765241
3765247
3765253
3765257
3765263
3765271
3765299
3765319
3765329
3765341
3765367
3765373
3765383
3765397
3765409
3765427
3765431
3765457
3765493
3765497
3765511
3765521
3765523
3765529
3765533
3765547
3765569
3765571
3765581
3765589
3765599
3765607
3765611
3765613
3765631
3765661
3765673
3765689
3765701
3765709
3765757
3765761
3765779
3765799
3765829
3765833
3765871
3765889
3765893
3765917
3765919
3765941
3765967
3765977
3766013
3766031
3766057
3766073
3766093
3766099
3766109
3766111
3766117
3766121
3766141
3766153
3766207
3766223
3766229
3766249
3766253
3766261
3766297
3766303
3766307
3766331
3766349
3766387
3766397
3766409
3766417
3766421
3766453
3766459
3766471
3766487
3766493
3766513
3766517
3766519
3766523
3766559
3766573
3766577
3766591
3766601
3766613
3766663
3766691
3766699
3766703
3766709
3766739
3766751
3766753
3766759
3766783
3766787
3766817
3766853
3766891
3766907
3766913
3766937
3766943
3766969
3766993
3766999
3767011
3767017
3767021
3767041
3767053
3767063
3767069
3767077
3767083
3767087
3767117
3767119
3767123
3767131
3767161
3767173
3767207
3767219
3767221
3767227
3767237
3767249
3767261
3767297
3767321
3767333
3767341
3767389
3767411
3767437
3767441
3767447
3767471
3767483
3767497
3767501
3767509
3767521
3767527
3767539
3767549
3767551
3767573
3767587
3767597
3767609
3767623
3767627
3767633
3767657
3767671
3767683
3767689
3767707
3767723
3767741
3767779
3767783
3767801
3767807
3767809
3767831
3767851
3767861
3767867
3767887
3767891
3767893
3767921
3767923
3767971
3767977
3767983
3767987
3768053
3768059
3768077
3768097
3768109
3768119
3768139
3768181
3768199
3768227
3768241
3768253
3768257
3768277
3768287
3768299
3768301
3768307
3768311
3768341
3768367
3768377
3768409
3768431
3768473
3768493
3768497
3768503
3768529
3768533
3768539
3768551
3768553
3768559
3768581
3768587
3768599
3768607
3768617
3768643
3768673
3768697
3768703
3768719
3768727
3768731
3768769
3768799
3768823
3768827
3768839
3768841
3768847
3768899
3768901
3768911
3768913
3768929
3768937
3768967
3768971
3768983
3768991
3769027
3769067
3769069
3769081
3769109
3769133
3769187
3769193
3769229
3769231
3769237
3769243
3769247
3769273
3769303
3769313
3769331
3769349
3769351
3769361
3769379
3769387
3769397
3769399
3769411
3769433
3769439
3769453
3769471
3769489
3769511
3769531
3769553
3769559
3769573
3769583
3769589
3769607
3769609
3769613
3769637
3769651
3769669
3769673
3769679
3769709
3769751
3769763
3769781
3769783
3769807
3769811
3769813
3769841
3769873
3769877
3769891
3769897
3769901
3769949
3769973
3769979
3769981
3769993
3770009
3770033
3770047
3770051
3770057
3770059
3770071
3770083
3770089
3770093
3770101
3770119
3770153
3770161
3770167
3770219
3770233
3770257
3770269
3770279
3770281
3770287
3770297
3770317
3770323
3770357
3770381
3770443
3770449
3770467
3770479
3770489
3770491
3770497
3770527
3770537
3770539
3770567
3770659
3770677
3770687
3770699
3770717
3770761
3770779
3770807
3770813
3770831
3770839
3770861
3770863
3770869
3770891
3770903
3770909
3770917
3770941
3770947
3770953
3770969
3770989
3770999
3771007
3771013
3771017
3771029
3771043
3771049
3771067
3771071
3771091
3771133
3771137
3771169
3771179
3771191
3771193
3771211
3771277
3771281
3771289
3771323
3771343
3771347
3771377
3771407
3771431
3771451
3771461
3771499
3771503
3771529
3771577
3771583
3771589
3771617
3771623
3771641
3771661
3771667
3771673
3771679
3771689
3771707
3771737
3771749
3771751
3771767
3771821
3771847
3771853
3771871
3771881
3771907
3771913
3771923
3771949
3771953
3771967
3771973
3771979
3771991
3772007
3772009
3772019
3772031
3772099
3772103
3772121
3772141
3772151
3772177
3772183
3772189
3772193
3772217
3772229
3772243
3772259
3772271
3772303
3772319
3772331
3772337
3772339
3772343
3772387
3772397
3772459
3772493
3772537
3772541
3772547
3772577
3772579
3772603
3772619
3772627
3772633
3772679
3772687
3772693
3772709
3772711
3772721
3772733
3772739
3772753
3772757
3772763
3772771
3772801
3772883
3772889
3772907
3772913
3772919
3772981
3772999
3773023
3773027
3773047
3773051
3773053
3773071
3773087
3773111
3773129
3773131
3773137
3773171
3773177
3773179
3773197
3773213
3773221
3773243
3773249
3773257
3773279
3773281
3773291
3773317
3773321
3773327
3773359
3773369
3773377
3773387
3773401
3773411
3773417
3773431
3773447
3773453
3773467
3773477
3773491
3773501
3773503
3773513
3773527
3773543
3773563
3773573
3773597
3773617
3773621
3773629
3773639
3773657
3773701
3773713
3773743
3773747
3773773
3773797
3773821
3773831
3773839
3773849
3773851
3773873
3773879
3773893
3773897
3773911
3773921
3773941
3773947
3773993
3773999
3774013
3774019
3774061
3774079
3774101
3774107
3774109
3774143
3774161
3774163
3774181
3774191
3774193
3774203
3774227
3774233
3774257
3774271
3774283
3774307
3774347
3774359
3774361
3774373
3774389
3774409
3774413
3774427
3774439
3774443
3774451
3774457
3774469
3774473
3774479
3774499
3774509
3774517
3774569
3774571
3774577
3774581
3774587
3774593
3774601
3774623
3774649
3774671
3774677
3774689
3774707
3774709
3774739
3774763
3774767
3774769
3774773
3774781
3774809
3774811
3774817
3774871
3774889
3774893
3774907
3774919
3774929
3774943
3774973
3774983
3774989
3775007
3775019
3775039
3775043
3775061
3775063
3775081
3775097
3775103
3775127
3775169
3775171
3775193
3775199
3775201
3775297
3775313
3775333
3775339
3775361
3775363
3775367
3775391
3775393
3775399
3775417
3775439
3775441
3775501
3775507
3775543
3775549
3775553
3775559
3775571
3775573
3775579
3775589
3775601
3775619
3775621
3775637
3775643
3775663
3775679
3775697
3775729
3775757
3775763
3775777
3775781
3775789
3775799
3775801
3775817
3775859
3775861
3775883
3775897
3775907
3775909
3775913
3775939
3775943
3775973
3775987
3775999
3776009
3776011
3776029
3776039
3776077
3776081
3776093
3776153
3776161
3776167
3776173
3776189
3776237
3776239
3776249
3776263
3776273
3776291
3776317
3776369
3776411
3776429
3776441
3776471
3776483
3776489
3776503
3776527
3776543
3776557
3776569
3776581
3776587
3776593
3776603
3776609
3776639
3776651
3776653
3776659
3776671
3776677
3776681
3776683
