574687
574699
574703
574711
574723
574727
574733
574741
574789
574799
574801
574813
574817
574859
574907
574913
574933
574939
574949
574963
574967
574969
575009
575027
575033
575053
575063
575077
575087
575119
575123
575129
575131
575137
575153
575173
575177
575203
575213
575219
575231
575243
575249
575251
575257
575261
575303
575317
575359
575369
575371
575401
575417
575429
575431
575441
575473
575479
575489
575503
575513
575551
575557
575573
575579
575581
575591
575593
575611
575623
575647
575651
575669
575677
575689
575693
575699
575711
575717
575723
575747
575753
575777
575791
575821
575837
575849
575857
575863
575867
575893
575903
575921
575923
575941
575957
575959
575963
575987
576001
576013
576019
576029
576031
576041
576049
576089
576101
576119
576131
576151
576161
576167
576179
576193
576203
576211
576217
576221
576223
576227
576287
576293
576299
576313
576319
576341
576377
576379
576391
576421
576427
576431
576439
576461
576469
576473
576493
576509
576523
576529
576533
576539
576551
576553
576577
576581
576613
576617
576637
576647
576649
576659
576671
576677
576683
576689
576701
576703
576721
576727
576731
576739
576743
576749
576757
576769
576787
576791
576881
576883
576889
576899
576943
576949
576967
576977
577007
577009
577033
577043
577063
577067
577069
577081
577097
577111
577123
577147
577151
577153
577169
577177
577193
577219
577249
577259
577271
577279
577307
577327
577331
577333
577349
577351
577363
577387
577397
577399
577427
577453
577457
577463
577471
577483
577513
577517
577523
577529
577531
577537
577547
577559
577573
577589
577601
577613
577627
577637
577639
577667
577721
577739
577751
577757
577781
577799
577807
577817
577831
577849
577867
577873
577879
577897
577901
577909
577919
577931
577937
577939
577957
577979
577981
578021
578029
578041
578047
578063
578077
578093
578117
578131
578167
578183
578191
578203
578209
578213
578251
578267
578297
578299
578309
578311
578317
578327
578353
578363
578371
578399
578401
578407
578419
578441
578453
578467
578477
578483
578489
578497
578503
578509
578533
578537
578563
578573
578581
578587
578597
578603
578609
578621
578647
578659
578687
578689
578693
578701
578719
578729
578741
578777
578779
578789
578803
578819
578821
578827
578839
578843
578857
578861
578881
578917
578923
578957
578959
578971
578999
579011
579017
579023
579053
579079
579083
579107
579113
579119
579133
579179
579197
579199
579239
579251
579259
579263
579277
579281
579283
579287
579311
579331
579353
579379
579407
579409
579427
579433
579451
579473
579497
579499
579503
579517
579521
579529
579533
579539
579541
579563
579569
579571
579583
579587
579611
579613
579629
579637
579641
579643
579653
579673
579701
579707
579713
579721
579737
579757
579763
579773
579779
579809
579829
579851
579869
579877
579881
579883
579893
579907
579947
579949
579961
579967
579973
579983
580001
580031
580033
580079
580081
580093
580133
580163
580169
580183
580187
580201
580213
580219
580231
580259
580291
580301
580303
580331
580339
580343
580357
580361
580373
580379
580381
580409
580417
580471
580477
580487
580513
580529
580549
580553
580561
580577
580607
580627
580631
580633
580639
580663
580673
580687
580691
580693
580711
580717
580733
580747
580757
580759
580763
580787
580793
580807
580813
580837
580843
580859
580871
580889
580891
580901
580913
580919
580927
580939
580969
580981
580997
581029
581041
581047
581069
581071
581089
581099
581101
581137
581143
581149
581171
581173
581177
581183
581197
581201
581227
581237
581239
581261
581263
581293
581303
581311
581323
581333
581341
581351
581353
581369
581377
581393
581407
581411
581429
581443
581447
581459
581473
581491
581521
581527
581549
581551
581557
581573
581597
581599
581617
581639
581657
581663
581683
581687
581699
581701
581729
581731
581743
581753
581767
581773
581797
581809
581821
581843
581857
581863
581869
581873
581891
581909
581921
581941
581947
581953
581981
581983
582011
582013
582017
582031
582037
582067
582083
582119
582137
582139
582157
582161
582167
582173
582181
582203
582209
582221
582223
582227
582247
582251
582299
582317
582319
582371
582391
582409
582419
582427
582433
582451
582457
582469
582499
582509
582511
582541
582551
582563
582587
582601
582623
582643
582649
582677
582689
582691
582719
582721
582727
582731
582737
582761
582763
582767
582773
582781
582793
582809
582821
582851
582853
582859
582887
582899
582931
582937
582949
582961
582971
582973
582983
583007
583013
583019
583021
583031
583069
583087
583127
583139
583147
583153
583169
583171
583181
583189
583207
583213
583229
583237
583249
583267
583273
583279
583291
583301
583337
583339
583351
583367
583391
583397
583403
583409
583417
583421
583447
583459
583469
583481
583493
583501
583511
583519
583523
583537
583543
583577
583603
583613
583619
583621
583631
583651
583657
583669
583673
583697
583727
583733
583753
583769
583777
583783
583789
583801
583841
583853
583859
583861
583873
583879
583903
583909
583937
583969
583981
583991
583997
584011
584027
584033
584053
584057
584063
584081
584099
584141
584153
584167
584183
584203
584249
584261
584279
584281
584303
584347
584357
584359
584377
584387
584393
584399
584411
584417
584429
584447
584471
584473
584509
584531
584557
584561
584587
584593
584599
584603
584609
584621
584627
584659
584663
584677
584693
584699
584707
584713
584719
584723
584737
584767
584777
584789
584791
584809
584849
584863
584869
584873
584879
584897
584911
584917
584923
584951
584963
584971
584981
584993
584999
585019
585023
585031
585037
585041
585043
585049
585061
585071
585073
585077
585107
585113
585119
585131
585149
585163
585199
585217
585251
585269
585271
585283
585289
585313
585317
585337
585341
585367
585383
585391
585413
585437
585443
585461
585467
585493
585503
585517
585547
585551
585569
585577
585581
585587
585593
585601
585619
585643
585653
585671
585677
585691
585721
585727
585733
585737
585743
585749
585757
585779
585791
585799
585839
585841
585847
585853
585857
585863
585877
585881
585883
585889
585899
585911
585913
585917
585919
585953
585989
585997
586009
586037
586051
586057
586067
586073
586087
586111
586121
586123
586129
586139
586147
586153
586189
586213
586237
586273
586277
586291
586301
586309
586319
586349
586361
586363
586367
586387
586403
586429
586433
586457
586459
586463
586471
586493
586499
586501
586541
586543
586567
586571
586577
586589
586601
586603
586609
586627
586631
586633
586667
586679
586693
586711
586723
586741
586769
586787
586793
586801
586811
586813
586819
586837
586841
586849
586871
586897
586903
586909
586919
586921
586933
586939
586951
586961
586973
586979
586981
587017
587021
587033
587051
587053
587057
587063
587087
587101
587107
587117
587123
587131
587137
587143
587149
587173
587179
587189
587201
587219
587263
587267
587269
587281
587287
587297
587303
587341
587371
587381
587387
587413
587417
587429
587437
587441
587459
587467
587473
587497
587513
587519
587527
587533
587539
587549
587551
587563
587579
587599
587603
587617
587621
587623
587633
587659
587669
587677
587687
587693
587711
587731
587737
587747
587749
587753
587771
587773
587789
587813
587827
587833
587849
587863
587887
587891
587897
587927
587933
587947
587959
587969
587971
587987
587989
587999
588011
588019
588037
588043
588061
588073
588079
588083
588097
588113
588121
588131
588151
588167
588169
588173
588191
588199
588229
588239
588241
588257
588277
588293
588311
588347
588359
588361
588383
588389
588397
588403
588433
588437
588463
588481
588493
588503
588509
588517
588521
588529
588569
588571
588619
588631
588641
588647
588649
588667
588673
588683
588703
588733
588737
588743
588767
588773
588779
588811
588827
588839
588871
588877
588881
588893
588911
588937
588941
588947
588949
588953
588977
589021
589027
589049
589063
589109
589111
589123
589139
589159
589163
589181
589187
589189
589207
589213
589219
589231
589241
589243
589273
589289
589291
589297
589327
589331
589349
589357
589387
589409
589439
589451
589453
589471
589481
589493
589507
589529
589531
589579
589583
589591
589601
589607
589609
589639
589643
589681
589711
589717
589751
589753
589759
589763
589783
589793
589807
589811
589829
589847
589859
589861
589873
589877
589903
589921
589933
589993
589997
590021
590027
590033
590041
590071
590077
590099
590119
590123
590129
590131
590137
590141
590153
590171
590201
590207
590243
590251
590263
590267
590269
590279
590309
590321
590323
590327
590357
590363
590377
590383
590389
590399
590407
590431
590437
590489
590537
590543
590567
590573
590593
590599
590609
590627
590641
590647
590657
590659
590669
590713
590717
590719
590741
590753
590771
590797
590809
590813
590819
590833
590839
590867
590899
590921
590923
590929
590959
590963
590983
590987
591023
591053
591061
591067
591079
591089
591091
591113
591127
591131
591137
591161
591163
591181
591193
591233
591259
591271
591287
591289
591301
591317
591319
591341
591377
591391
591403
591407
591421
591431
591443
591457
591469
591499
591509
591523
591553
591559
591581
591599
591601
591611
591623
591649
591653
591659
591673
591691
591709
591739
591743
591749
591751
591757
591779
591791
591827
591841
591847
591863
591881
591887
591893
591901
591937
591959
591973
592019
592027
592049
592057
592061
592073
592087
592099
592121
592129
592133
592139
592157
592199
592217
592219
592223
592237
592261
592289
592303
592307
592309
592321
592337
592343
592351
592357
592367
592369
592387
592391
592393
592429
592451
592453
592463
592469
592483
592489
592507
592517
592531
592547
592561
592577
592589
592597
592601
592609
592621
592639
592643
592649
592661
592663
592681
592693
592723
592727
592741
592747
592759
592763
592793
592843
592849
592853
592861
592873
592877
592897
592903
592919
592931
592939
592967
592973
592987
592993
593003
593029
593041
593051
593059
593071
593081
593083
593111
593119
593141
593143
593149
593171
593179
593183
593207
593209
593213
593227
593231
593233
593251
593261
593273
593291
593293
593297
593321
593323
593353
593381
593387
593399
593401
593407
593429
593447
593449
593473
593479
593491
593497
593501
593507
593513
593519
593531
593539
593573
593587
593597
593603
593627
593629
593633
593641
593647
593651
593689
593707
593711
593767
593777
593783
593839
593851
593863
593869
593899
593903
593933
593951
593969
593977
593987
593993
594023
594037
594047
594091
594103
594107
594119
594137
594151
594157
594161
594163
594179
594193
594203
594211
594227
594241
594271
594281
594283
594287
594299
594311
594313
594329
594359
594367
594379
594397
594401
594403
594421
594427
594449
594457
594467
594469
594499
594511
594521
594523
594533
594551
594563
594569
594571
594577
594617
594637
594641
594653
594667
594679
594697
594709
594721
594739
594749
594751
594773
594793
594821
594823
594827
594829
594857
594889
594899
594911
594917
594929
594931
594953
594959
594961
594977
594989
595003
595037
595039
595043
595057
595069
595073
595081
595087
595093
595097
595117
595123
595129
595139
595141
595157
595159
595181
595183
595201
595207
595229
595247
595253
595261
595267
595271
595277
595291
595303
595313
595319
595333
595339
595351
595363
595373
595379
595381
595411
595451
595453
595481
595513
595519
595523
595547
595549
595571
595577
595579
595613
595627
595687
595703
595709
595711
595717
595733
595741
595801
595807
595817
595843
595873
595877
595927
595939
595943
595949
595951
595957
595961
595963
595967
595981
596009
596021
596027
596047
596053
596059
596069
596081
596083
596093
596117
596119
596143
596147
596159
596179
596209
596227
596231
596243
596251
596257
596261
596273
596279
596291
596293
596317
596341
596363
596369
596399
596419
596423
596461
596489
596503
596507
596537
596569
596573
596579
596587
596593
596599
596611
596623
596633
596653
596663
596669
596671
596693
596707
596737
596741
596749
596767
596779
596789
596803
596821
596831
596839
596851
596857
596861
596863
596879
596899
596917
596927
596929
596933
596941
596963
596977
596983
596987
597031
597049
597053
597059
597073
597127
597131
597133
597137
597169
597209
597221
597239
597253
597263
597269
597271
597301
597307
597349
597353
597361
597367
597383
597391
597403
597407
597409
597419
597433
597437
597451
597473
597497
597521
597523
597539
597551
597559
597577
597581
597589
597593
597599
597613
597637
597643
597659
597671
597673
597677
597679
597689
597697
597757
597761
597767
597769
597781
597803
597823
597827
597833
597853
597859
597869
597889
597899
597901
597923
597929
597967
597997
598007
598049
598051
598057
598079
598093
598099
598123
598127
598141
598151
598159
598163
598187
598189
598193
598219
598229
598261
598303
598307
598333
598363
598369
598379
598387
598399
598421
598427
598439
598447
598457
598463
598487
598489
598501
598537
598541
598571
598613
598643
598649
598651
598657
598669
598681
598687
598691
598711
598721
598727
598729
598777
598783
598789
598799
598817
598841
598853
598867
598877
598883
598891
598903
598931
598933
598963
598967
598973
598981
598987
598999
599003
599009
599021
599023
599069
599087
599117
599143
599147
599149
599153
599191
599213
599231
599243
599251
599273
599281
599303
599309
599321
599341
599353
599359
599371
599383
599387
599399
599407
599413
599419
599429
599477
599479
599491
599513
599519
599537
599551
599561
599591
599597
599603
599611
599623
599629
599657
599663
599681
599693
599699
599701
599713
599719
599741
599759
599779
599783
599803
599831
599843
599857
599869
599891
599899
599927
599933
599939
599941
599959
599983
599993
599999
600011
600043
600053
600071
600073
600091
600101
600109
600167
600169
600203
600217
600221
600233
600239
600241
600247
600269
600283
600289
600293
600307
600311
600317
600319
600337
600359
600361
600367
600371
600401
600403
600407
600421
600433
600449
600451
600463
600469
600487
600517
600529
600557
600569
600577
600601
600623
600631
600641
600659
600673
600689
600697
600701
600703
600727
600751
600791
600823
600827
600833
600841
600857
600877
600881
600883
600889
600893
600931
600947
600949
600959
600961
600973
600979
600983
601021
601031
601037
601039
601043
601061
601067
601079
601093
601127
601147
601187
601189
601193
601201
601207
601219
601231
601241
601247
601259
601267
601283
601291
601297
601309
601313
601319
601333
601339
601357
601379
601397
601411
601423
601439
601451
601457
601487
601507
601541
601543
601589
601591
601607
601631
601651
601669
601687
601697
601717
601747
601751
601759
601763
601771
601801
601807
601813
601819
601823
601831
601849
601873
601883
601889
601897
601903
601943
601949
601961
601969
601981
602029
602033
602039
602047
602057
602081
602083
602087
602093
602099
602111
602137
602141
602143
602153
602179
602197
602201
602221
602227
602233
602257
602267
602269
602279
602297
602309
602311
602317
602321
602333
602341
602351
602377
602383
602401
602411
602431
602453
602461
602477
602479
602489
602501
602513
602521
602543
602551
602593
602597
602603
602621
602627
602639
602647
602677
602687
602689
602711
602713
602717
602729
602743
602753
602759
602773
602779
602801
602821
602831
602839
602867
602873
602887
602891
602909
602929
602947
602951
602971
602977
602983
602999
603011
603013
603023
603047
603077
603091
603101
603103
603131
603133
603149
603173
603191
603203
603209
603217
603227
603257
603283
603311
603319
603349
603389
603391
603401
603431
603443
603457
603467
603487
603503
603521
603523
603529
603541
603553
603557
603563
603569
603607
603613
603623
603641
603667
603679
603689
603719
603731
603739
603749
603761
603769
603781
603791
603793
603817
603821
603833
603847
603851
603853
603859
603881
603893
603899
603901
603907
603913
603917
603919
603923
603931
603937
603947
603949
603989
604001
604007
604013
604031
604057
604063
604069
604073
604171
604189
604223
604237
604243
604249
604259
604277
604291
604309
604313
604319
604339
604343
604349
604361
604369
604379
604397
604411
604427
604433
604441
604477
604481
604517
604529
604547
604559
604579
604589
604603
604609
604613
604619
604649
604651
604661
604697
604699
604711
604727
604729
604733
604753
604759
604781
604787
604801
604811
604819
604823
604829
604837
604859
604861
604867
604883
604907
604931
604939
604949
604957
604973
604997
605009
605021
605023
605039
605051
605069
605071
605113
605117
605123
605147
605167
605173
605177
605191
605221
605233
605237
605239
605249
605257
605261
605309
605323
605329
605333
605347
605369
605393
605401
605411
605413
605443
605471
605477
605497
605503
605509
605531
605533
605543
605551
605573
605593
605597
605599
605603
605609
605617
605629
605639
605641
605687
605707
605719
605779
605789
605809
605837
605849
605861
605867
605873
605879
605887
605893
605909
605921
605933
605947
605953
605977
605987
605993
606017
606029
606031
606037
606041
606049
606059
606077
606079
606083
606091
606113
606121
606131
606173
606181
606223
606241
606247
606251
606299
606301
606311
606313
606323
606341
606379
606383
606413
606433
606443
606449
606493
606497
606503
606521
606527
606539
606559
606569
606581
606587
606589
606607
606643
606649
606653
606659
606673
606721
606731
606733
606737
606743
606757
606791
606811
606829
606833
606839
606847
606857
606863
606899
606913
606919
606943
606959
606961
606967
606971
606997
607001
607003
607007
607037
607043
607049
607063
607067
607081
607091
607093
607097
607109
607127
607129
607147
607151
607153
607157
607163
607181
607199
607213
607219
607249
607253
607261
607301
607303
607307
607309
607319
607331
607337
607339
607349
607357
607363
607417
607421
607423
607471
607493
607517
607531
607549
607573
607583
607619
607627
607667
607669
607681
607697
607703
607721
607723
607727
607741
607769
607813
607819
607823
607837
607843
607861
607883
607889
607909
607921
607931
607933
607939
607951
607961
607967
607991
607993
608011
608029
608033
608087
608089
608099
608117
608123
608129
608131
608147
608161
608177
608191
608207
608213
608269
608273
608297
608299
608303
608339
608347
608357
608359
608369
608371
608383
608389
608393
608401
608411
608423
608429
608431
608459
608471
608483
608497
608519
608521
608527
608581
608591
608593
608609
608611
608633
608653
608659
608669
608677
608693
608701
608737
608743
608749
608759
608767
608789
608819
608831
608843
608851
608857
608863
608873
608887
608897
608899
608903
608941
608947
608953
608977
608987
608989
608999
609043
609047
609067
609071
609079
609101
609107
609113
609143
609149
609163
609173
609179
609199
609209
609221
609227
609233
609241
609253
609269
609277
609283
609289
609307
609313
609337
609359
609361
609373
609379
609391
609397
609403
609407
609421
609437
609443
609461
609487
609503
609509
609517
609527
609533
609541
609571
609589
609593
609599
609601
609607
609613
609617
609619
609641
609673
609683
609701
609709
609743
609751
609757
609779
609781
609803
609809
609821
609859
609877
609887
609907
609911
609913
609923
609929
609979
609989
609991
609997
610031
610063
610081
610123
610157
610163
610187
610193
610199
610217
610219
610229
610243
610271
610279
610289
610301
610327
610331
610339
610391
610409
610417
610429
610439
610447
610457
610469
610501
610523
610541
610543
610553
610559
610567
610579
610583
610619
610633
610639
610651
610661
610667
610681
610699
610703
610721
610733
610739
610741
610763
610781
610783
610787
610801
610817
610823
610829
610837
610843
610847
610849
610867
610877
610879
610891
610913
610919
610921
610933
610957
610969
610993
611011
611027
611033
611057
611069
611071
611081
611101
611111
611113
611131
611137
611147
611189
611207
611213
611257
611263
611279
611293
611297
611323
611333
611389
611393
611411
611419
611441
611449
611453
611459
611467
611483
611497
611531
611543
611549
611551
611557
611561
611587
611603
611621
611641
611657
611671
611693
611707
611729
611753
611791
611801
611803
611827
611833
611837
611839
611873
611879
611887
611903
611921
611927
611939
611951
611953
611957
611969
611977
611993
611999
612011
612023
612037
612041
612043
612049
612061
612067
612071
612083
612107
612109
612113
612133
612137
612149
612169
612173
612181
612193
612217
612223
612229
612259
612263
612301
612307
612317
612319
612331
612341
612349
612371
612373
612377
612383
612401
612407
612439
612481
612497
612511
612553
612583
612589
612611
612613
612637
612643
612649
612671
612679
612713
612719
612727
612737
612751
612763
612791
612797
612809
612811
612817
612823
612841
612847
612853
612869
612877
612889
612923
612929
612947
612967
612971
612977
613007
613009
613013
613049
613061
613097
613099
613141
613153
613163
613169
613177
613181
613189
613199
613213
613219
613229
613231
613243
613247
613253
613267
613279
613289
613297
613337
613357
613363
613367
613381
613421
613427
613439
613441
613447
613451
613463
613469
613471
613493
613499
613507
613523
613549
613559
613573
613577
613597
613607
613609
613633
613637
613651
613661
613667
613673
613699
613733
613741
613747
613759
613763
613807
613813
613817
613829
613841
613849
613861
613883
613889
613903
613957
613967
613969
613981
613993
613999
614041
614051
614063
614071
614093
614101
614113
614129
614143
614147
614153
614167
614177
614179
614183
614219
614267
614279
614291
614293
614297
614321
614333
614377
614387
614413
614417
614437
614477
614483
614503
614527
614531
614543
614561
614563
614569
614609
614611
614617
614623
614633
614639
614657
614659
614671
614683
614687
614693
614701
614717
614729
614741
614743
614749
614753
614759
614773
614827
614843
614849
614851
614863
614881
614893
614909
614917
614927
614963
614981
614983
615019
615031
615047
615053
615067
615101
615103
615107
615137
615151
615161
615187
615229
615233
615253
615259
615269
615289
615299
615313
615337
615341
615343
615367
615379
615389
615401
615403
615413
615427
615431
615437
615449
615473
615479
615491
615493
615497
615509
615521
615539
615557
615577
615599
615607
615617
615623
615661
615677
615679
615709
615721
615731
615739
615743
615749
615751
615761
615767
615773
615793
615799
615821
615827
615829
615833
615869
615883
615887
615907
615919
615941
615949
615971
615997
616003
616027
616051
616069
616073
616079
616103
616111
616117
616129
616139
616141
616153
616157
616169
616171
616181
616207
616211
616219
616223
616229
616243
616261
616277
616289
616307
616313
616321
616327
616361
616367
616387
616391
616393
616409
616411
616433
616439
616459
616463
616481
616489
616501
616507
616513
616519
616523
616529
616537
616547
616579
616589
616597
616639
616643
616669
616673
616703
616717
616723
616729
616741
616757
616769
616783
616787
616789
616793
616799
616829
616841
616843
616849
616871
616877
616897
616909
616933
616943
616951
616961
616991
616997
616999
617011
617027
617039
617051
617053
617059
617077
617087
617107
617119
617129
617131
617147
617153
617161
617189
617191
617231
617233
617237
617249
617257
617269
617273
617293
617311
617327
617333
617339
617341
617359
617363
617369
617387
617401
617411
617429
617447
617453
617467
617471
617473
617479
617509
617521
617531
617537
617579
617587
617647
617651
617657
617677
617681
617689
617693
617699
617707
617717
617719
617723
617731
617759
617761
617767
617777
617791
617801
617809
617819
617843
617857
617873
617879
617887
617917
617951
617959
617963
617971
617983
618029
618031
618041
618049
618053
618083
618119
618131
618161
618173
618199
618227
618229
618253
618257
618269
618271
618287
618301
618311
618323
618329
618337
618347
618349
618361
618377
618407
618413
618421
618437
618439
618463
618509
618521
618547
618559
618571
618577
618581
618587
618589
618593
618619
618637
618643
618671
618679
618703
618707
618719
618799
618823
618833
618841
618847
618857
618859
618869
618883
618913
618929
618941
618971
618979
618991
618997
619007
619009
619019
619027
619033
619057
619061
619067
619079
619111
619117
619139
619159
619169
619181
619187
619189
619207
619247
619253
619261
619273
619277
619279
619303
619309
619313
619331
619363
619373
619391
619397
619471
619477
619511
619537
619543
619561
619573
619583
619589
619603
619607
619613
619621
619657
619669
619681
619687
619693
619711
619739
619741
619753
619763
619771
619793
619807
619811
619813
619819
619831
619841
619849
619867
619897
619909
619921
619967
619979
619981
619987
619999
620003
620029
620033
620051
620099
620111
620117
620159
620161
620171
620183
620197
620201
620227
620233
620237
620239
620251
620261
620297
620303
620311
620317
620329
620351
620359
620363
620377
620383
620393
620401
620413
620429
620437
620441
620461
620467
620491
620507
620519
620531
620549
620561
620567
620569
620579
620603
620623
620639
620647
620657
620663
620671
620689
620693
620717
620731
620743
620759
620771
620773
620777
620813
620821
620827
620831
620849
620869
620887
620909
620911
620929
620933
620947
620957
620981
620999
621007
621013
621017
621029
621031
621043
621059
621083
621097
621113
621133
621139
621143
621217
621223
621227
621239
621241
621259
621289
621301
621317
621337
621343
621347
621353
621359
621371
621389
621419
621427
621431
621443
621451
621461
621473
621521
621527
621541
621583
621611
621617
621619
621629
621631
621641
621671
621679
621697
621701
621703
621721
621739
621749
621757
621769
621779
621799
621821
621833
621869
621871
621883
621893
621913
621923
621937
621941
621983
621997
622009
622019
622043
622049
622051
622067
622073
622091
622103
622109
622123
622129
622133
622151
622157
622159
622177
622187
622189
622241
622243
622247
622249
622277
622301
622313
622331
622333
622337
622351
622367
622397
622399
622423
622477
622481
622483
622493
622513
622519
622529
622547
622549
622561
622571
622577
622603
622607
622613
622619
622621
622637
622639
622663
622669
622709
622723
622729
622751
622777
622781
622793
622813
622849
622861
622879
622889
622901
622927
622943
622957
622967
622987
622997
623003
623009
623017
623023
623041
623057
623059
623071
623107
623171
623209
623221
623261
623263
623269
623279
623281
623291
623299
623303
623321
623327
623341
623351
623353
623383
623387
623393
623401
623417
623423
623431
623437
623477
623521
623531
623537
623563
623591
623617
623621
623633
623641
623653
623669
623671
623677
623681
623683
623699
623717
623719
623723
623729
623743
623759
623767
623771
623803
623839
623851
623867
623869
623879
623881
623893
623923
623929
623933
623947
623957
623963
623977
623983
623989
624007
624031
624037
624047
624049
624067
624089
624097
624119
624133
624139
624149
624163
624191
624199
624203
624209
624229
624233
624241
624251
624259
624271
624277
624311
624313
624319
624329
624331
624347
624391
624401
624419
624443
624451
624467
624469
624479
624487
624497
624509
624517
624521
624539
624541
624577
624593
624599
624601
624607
624643
624649
624667
624683
624707
624709
624721
624727
624731
624737
624763
624769
624787
624791
624797
624803
624809
624829
624839
624847
624851
624859
624917
624961
624973
624977
624983
624997
625007
625033
625057
625063
625087
625103
625109
625111
625129
625133
625169
625171
625181
625187
625199
625213
625231
625237
625253
625267
625279
625283
625307
625319
625343
625351
625367
625369
625397
625409
625451
625477
625483
625489
625507
625517
625529
625543
625589
625591
625609
625621
625627
625631
625637
625643
625657
625661
625663
625697
625699
625763
625777
625789
625811
625819
625831
625837
625861
625871
625883
625909
625913
625927
625939
625943
625969
625979
625997
626009
626011
626033
626051
626063
626113
626117
626147
626159
626173
626177
626189
626191
626201
626207
626239
626251
626261
626317
626323
626333
626341
626347
626363
626377
626389
626393
626443
626477
626489
626519
626533
626539
626581
626597
626599
626609
626611
626617
626621
626623
626627
626629
626663
626683
626687
626693
626701
626711
626713
626723
626741
626749
626761
626771
626783
626797
626809
626833
626837
626861
626887
626917
626921
626929
626947
626953
626959
626963
626987
627017
627041
627059
627071
627073
627083
627089
627091
627101
627119
627131
627139
627163
627169
627191
627197
627217
627227
627251
627257
627269
627271
627293
627301
627329
627349
627353
627377
627379
627383
627391
627433
627449
627479
627481
627491
627511
627541
627547
627559
627593
627611
627617
627619
627637
627643
627659
627661
627667
627673
627709
627721
627733
627749
627773
627787
627791
627797
627799
627811
627841
627859
627901
627911
627919
627943
627947
627953
627961
627973
628013
628021
628037
628049
628051
628057
628063
628093
628097
628127
628139
628171
628183
628189
628193
628207
628213
628217
628219
628231
628261
628267
628289
628301
628319
628357
628363
628373
628379
628391
628399
628423
628427
628447
628477
628487
628493
628499
628547
628561
628583
628591
628651
628673
628679
628681
628687
628699
628709
628721
628753
628757
628759
628781
628783
628787
628799
628801
628811
628819
628841
628861
628877
628909
628913
628921
628937
628939
628973
628993
628997
629003
629009
629011
629023
629029
629059
629081
629113
629137
629143
629171
629177
629203
629243
629249
629263
629281
629311
629339
629341
629351
629371
629381
629383
629401
629411
629417
629429
629449
629467
629483
629491
629509
629513
629537
629567
629569
629591
629593
629609
629611
629617
629623
629653
629683
629687
629689
629701
629711
629723
629737
629743
629747
629767
629773
629779
629803
629807
629819
629843
629857
629861
629873
629891
629897
629899
629903
629921
629927
629929
629939
629963
629977
629987
629989
630017
630023
630029
630043
630067
630101
630107
630127
630151
630163
630167
630169
630181
630193
630197
630229
630247
630263
630281
630299
630307
630319
630349
630353
630391
630433
630451
630467
630473
630481
630493
630521
630523
630529
630559
630577
630583
630587
630589
630593
630607
630613
630659
630677
630689
630701
630709
630713
630719
630733
630737
630797
630803
630823
630827
630841
630863
630871
630893
630899
630901
630907
630911
630919
630941
630967
630997
631003
631013
631039
631061
631121
631133
631139
631151
631153
631157
631171
631181
631187
631223
631229
631247
631249
631259
631271
631273
631291
631307
631339
631357
631361
631387
631391
631399
631409
631429
631453
631457
631459
631469
631471
631483
631487
631507
631513
631529
631531
631537
631549
631559
631573
631577
631583
631597
631613
631619
631643
631667
631679
631681
631711
631717
631723
631733
631739
631751
631753
631789
631817
631819
631843
631847
631853
631859
631861
631867
631889
631901
631903
631913
631927
631931
631937
631979
631987
631991
631993
632029
632041
632053
632081
632083
632087
632089
632101
632117
632123
632141
632147
632153
632189
632209
632221
632227
632231
632251
632257
632267
632273
632297
632299
632321
632323
632327
632329
632347
632351
632353
632363
632371
632381
632389
632393
632447
632459
632473
632483
632497
632501
632503
632521
632557
632561
632591
632609
632623
632627
632629
632647
632669
632677
632683
632699
632713
632717
632743
632747
632773
632777
632813
632839
632843
632851
632857
632881
632897
632911
632923
632939
632941
632971
632977
632987
632993
633001
633013
633037
633053
633067
633079
633091
633133
633151
633161
633187
633197
633209
633221
633253
633257
633263
633271
633287
633307
633317
633337
633359
633377
633379
633383
633401
633407
633427
633449
633461
633463
633467
633469
633473
633487
633497
633559
633569
633571
633583
633599
633613
633623
633629
633649
633653
633667
633739
633751
633757
633767
633781
633791
633793
633797
633799
633803
633823
633833
633877
633883
633923
633931
633937
633943
633953
633961
633967
633991
634003
634013
634031
634061
634079
634091
634097
634103
634141
634157
634159
634169
634177
634181
634187
634199
634211
634223
634237
634241
634247
634261
634267
634273
634279
634301
634307
634313
634327
634331
634343
634367
634373
634397
634421
634441
634471
634483
634493
634499
634511
634519
634523
634531
634541
634567
634573
634577
634597
634603
634609
634643
634649
634651
634679
634681
634687
634703
634709
634717
634727
634741
634747
634757
634759
634793
634807
634817
634841
634853
634859
634861
634871
634891
634901
634903
634927
634937
634939
634943
634969
634979
635003
635021
635039
635051
635057
635087
635119
635147
635149
635197
635203
635207
635249
635251
635263
635267
635279
635287
635291
635293
635309
635317
635333
635339
635347
635351
635353
635359
635363
635387
635389
635413
635423
635431
635441
635449
635461
635471
635483
635507
635519
635527
635533
635563
635567
635599
635603
635617
635639
635653
635659
635689
635707
635711
635729
635731
635737
635777
635801
635809
635813
635821
635837
635849
635867
635879
635891
635893
635909
635917
635923
635939
635959
635969
635977
635981
635983
635989
636017
636023
636043
636059
636061
636071
636073
636107
636109
636133
636137
636149
636193
636211
636217
636241
636247
636257
636263
636277
636283
636287
636301
636313
636319
636331
636343
636353
636359
636403
636407
636409
636421
636469
636473
636499
636533
636539
636541
636547
636553
636563
636569
636613
636619
636631
636653
636673
636697
636719
636721
636731
636739
636749
636761
636763
636773
636781
636809
636817
636821
636829
636851
636863
636877
636917
636919
636931
636947
636953
636967
636983
636997
637001
637003
637067
637073
637079
637097
637129
637139
637157
637163
637171
637199
637201
637229
637243
637271
637277
637283
637291
637297
637309
637319
637321
637327
637337
637339
637349
637369
637379
637409
637421
637423
637447
637459
637463
637471
637489
637499
637513
637519
637529
637531
637543
637573
637597
637601
637603
637607
637627
637657
637669
637691
637699
637709
637711
637717
637723
637727
637729
637751
637771
637781
637783
637787
637817
637829
637831
637841
637873
637883
637909
637933
637937
637939
638023
638047
638051
638059
638063
638081
638117
638123
638147
638159
638161
638171
638177
638179
638201
638233
638263
638269
638303
638317
638327
638347
638359
638371
638423
638431
638437
638453
638459
638467
638489
638501
638527
638567
638581
638587
638621
638629
638633
638663
638669
638689
638699
638717
638719
638767
638801
638819
638839
638857
638861
638893
638923
638933
638959
638971
638977
638993
638999
639007
639011
639043
639049
639053
639083
639091
639137
639143
639151
639157
639167
639169
639181
639211
639253
639257
639259
639263
639269
639299
639307
639311
639329
639337
639361
639371
639391
639433
639439
639451
639487
639491
639493
639511
639517
639533
639547
639563
639571
639577
639589
639599
639601
639631
639637
639647
639671
639677
639679
639689
639697
639701
639703
639713
639719
639731
639739
639757
639833
639839
639851
639853
639857
639907
639911
639937
639941
639949
639959
639983
639997
640007
640009
640019
640027
640039
640043
640049
640061
640069
640099
640109
640121
640127
640139
640151
640153
640163
640193
640219
640223
640229
640231
640247
640249
640259
640261
640267
640279
640303
640307
640333
640363
640369
640411
640421
640457
640463
640477
640483
640499
640529
640531
640579
640583
640589
640613
640621
640631
640649
640663
640667
640669
640687
640691
640727
640733
640741
640771
640777
640793
640837
640847
640853
640859
640873
640891
640901
640907
640919
640933
640943
640949
640957
640963
640967
640973
640993
641051
641057
641077
641083
641089
641093
641101
641129
641131
641143
641167
641197
641203
641213
641227
641239
641261
641279
641287
641299
641317
641327
641371
641387
641411
641413
641419
641437
641441
641453
641467
641471
641479
641491
641513
641519
641521
641549
641551
641579
641581
641623
641633
641639
641681
641701
641713
641747
641749
641761
641789
641791
641803
641813
641819
641821
641827
641833
641843
641863
641867
641873
641881
641891
641897
641909
641923
641929
641959
641969
641981
642011
642013
642049
642071
642077
642079
642113
642121
642133
642149
642151
642157
642163
642197
642199
642211
642217
642223
642233
642241
642247
642253
642281
642359
642361
642373
642403
642407
642419
642427
642457
642487
642517
642527
642529
642533
642547
642557
642563
642581
642613
642623
642673
642683
642701
642737
642739
642769
642779
642791
642797
642799
642809
642833
642853
642869
642871
642877
642881
642899
642907
642931
642937
642947
642953
642973
642977
642997
643009
643021
643031
643039
643043
643051
643061
643073
643081
643087
643099
643121
643129
643183
643187
643199
643213
643217
643231
643243
643273
643301
643303
643369
643373
643403
643421
643429
643439
643453
643457
643463
643469
643493
643507
643523
643547
643553
643567
643583
643589
643619
643633
643639
643649
643651
643661
643681
643691
643693
643697
643703
643723
643729
643751
643781
643847
643849
643859
643873
643879
643883
643889
643919
643927
643949
643957
643961
643969
643991
644009
644029
644047
644051
644053
644057
644089
644101
644107
644117
644123
644129
644131
644141
644143
644153
644159
644173
644191
644197
644201
644227
644239
644257
644261
644291
644297
644327
644341
644353
644359
644363
644377
644381
644383
644401
644411
644431
644443
644447
644489
644491
644507
644513
644519
644531
644549
644557
644563
644569
644593
644597
644599
644617
644629
644647
644653
644669
644671
644687
644701
644717
644729
644731
644747
644753
644767
644783
644789
644797
644801
644837
644843
644857
644863
644867
644869
644881
644899
644909
644911
644923
644933
644951
644977
644999
645011
645013
645019
645023
645037
645041
645049
645067
645077
645083
645091
645097
645131
645137
645149
645179
645187
645233
645257
645313
645329
645347
645353
645367
645383
645397
645409
645419
645431
645433
645443
645467
645481
645493
645497
645499
645503
645521
645527
645529
645571
645577
645581
645583
645599
645611
645629
645641
645647
645649
645661
645683
645691
645703
645713
645727
645737
645739
645751
645763
645787
645803
645833
645839
645851
645857
645877
645889
645893
645901
645907
645937
645941
645973
645979
646003
646013
646027
646039
646067
646073
646099
646103
646147
646157
646159
646169
646181
646183
646189
646193
646199
646237
646253
646259
646267
646271
646273
646291
646301
646307
646309
646339
646379
646397
646403
646411
646421
646423
646433
646453
646519
646523
646537
646543
646549
646571
646573
646577
646609
646619
646631
646637
646643
646669
646687
646721
646757
646771
646781
646823
646831
646837
646843
646859
646873
646879
646883
646889
646897
646909
646913
646927
646937
646957
646979
646981
646991
646993
647011
647033
647039
647047
647057
647069
647081
647099
647111
647113
647117
647131
647147
647161
647189
647201
647209
647219
647261
647263
647293
647303
647321
647327
647333
647341
647357
647359
647363
647371
647399
647401
647417
647429
647441
647453
647477
647489
647503
647509
647527
647531
647551
647557
647579
647587
647593
647609
647617
647627
647641
647651
647659
647663
647687
647693
647719
647723
647741
647743
647747
647753
647771
647783
647789
647809
647821
647837
647839
647851
647861
647891
647893
647909
647917
647951
647953
647963
647987
648007
648019
648029
648041
648047
648059
648061
648073
648079
648097
648101
648107
648119
648133
648173
648181
648191
648199
648211
648217
648229
648239
648257
648259
648269
648283
648289
648293
648317
648331
648341
648343
648371
648377
648379
648383
648391
648433
648437
648449
648481
648509
648563
648607
648617
648619
648629
648631
648649
648653
648671
648677
648689
648709
648719
648731
648763
648779
648803
648841
648859
648863
648871
648887
648889
648911
648917
648931
648937
648953
648961
648971
648997
649001
649007
649039
649063
649069
649073
649079
649081
649087
649093
649123
649141
649147
649151
649157
649183
649217
649261
649273
649277
649279
649283
649291
649307
649321
649361
649379
649381
649403
649421
649423
649427
649457
649469
649471
649483
649487
649499
649501
649507
649511
649529
649541
649559
649567
649573
649577
649613
649619
649631
649633
649639
649643
649651
649657
649661
649697
649709
649717
649739
649751
649769
649771
649777
649783
649787
649793
649799
649801
649813
649829
649843
649849
649867
649871
649877
649879
649897
649907
649921
649937
649969
649981
649991
650011
650017
650059
650071
650081
650099
650107
650179
650183
650189
650213
650227
650261
650269
650281
650291
650317
650327
650329
650347
650359
650387
650401
650413
650449
650477
650479
650483
650519
650537
650543
650549
650563
650567
650581
650591
650599
650609
650623
650627
650669
650701
650759
650761
650779
650813
650821
650827
650833
650851
650861
650863
650869
650873
650911
650917
650927
650933
650953
650971
650987
651017
651019
651029
651043
651067
651071
651097
651103
651109
651127
651139
651143
651169
651179
651181
651191
651193
651221
651223
651239
651247
651251
651257
651271
651281
651289
651293
651323
651331
651347
651361
651397
651401
651437
651439
651461
651473
651481
651487
651503
651509
651517
651587
651617
651641
651647
651649
651667
651683
651689
651697
651727
651731
651733
651767
651769
651793
651803
651809
651811
651821
651839
651841
651853
651857
651863
651869
651877
651881
651901
651913
651943
651971
651997
652019
652033
652039
652063
652079
652081
652087
652117
652121
652153
652189
652207
652217
652229
652237
652241
652243
652261
652279
652283
652291
652319
652321
652331
652339
652343
652357
652361
652369
652373
652381
652411
652417
652429
652447
652451
652453
652493
652499
652507
652541
652543
652549
652559
652567
652573
652577
652591
652601
652607
652609
652621
652627
652651
652657
652667
652699
652723
652727
652733
652739
652741
652747
652753
652759
652787
652811
652831
652837
652849
652853
652871
652903
652909
652913
652921
652931
652933
652937
652943
652957
652969
652991
652997
652999
653033
653057
653083
653111
653113
653117
653143
653153
653197
653203
653207
653209
653243
653267
653273
653281
653311
653321
653339
653357
653363
653431
653461
653473
653491
653501
653503
653507
653519
653537
653539
653561
653563
653579
653593
653617
653621
653623
653641
653647
653651
653659
653687
653693
653707
653711
653713
653743
653749
653761
653777
653789
653797
653801
653819
653831
653879
653881
653893
653899
653903
653927
653929
653941
653951
653963
653969
653977
653993
654001
654011
654019
654023
654029
654047
654053
654067
654089
654107
654127
654149
654161
654163
654167
654169
654187
654191
654209
654221
654223
654229
654233
654257
654293
654301
654307
654323
654343
654349
654371
654397
654413
654421
654427
654439
654491
654499
654509
654527
654529
654539
654541
654553
654571
654587
654593
654601
654611
654613
654623
654629
654671
654679
654697
654701
654727
654739
654743
654749
654767
654779
654781
654799
654803
654817
654821
654827
654839
654853
654877
654889
654917
654923
654931
654943
654967
654991
655001
655003
655013
655021
655033
655037
655043
655069
655087
655103
655111
655121
655157
655181
655211
655219
655223
655229
655241
655243
655261
655267
655273
655283
655289
655301
655331
655337
655351
655357
655373
655379
655387
655399
655439
655453
655471
655489
655507
655511
655517
655531
655541
655547
655559
655561
655579
655583
655597
655601
655637
655643
655649
655651
655657
655687
655693
655717
655723
655727
655757
655807
655847
655849
655859
655883
655901
655909
655913
655927
655943
655961
655987
656023
656039
656063
656077
656113
656119
656129
656141
656147
656153
656171
656221
656237
656263
656267
656273
656291
656297
656303
656311
656321
656323
656329
656333
656347
656371
656377
656389
656407
656423
656429
656459
656471
656479
656483
656519
656527
656561
656587
656597
656599
656603
656609
656651
656657
656671
656681
656683
656687
656701
656707
656737
656741
656749
656753
656771
656783
656791
656809
656819
656833
656839
656891
656917
656923
656939
656951
656959
656977
656989
656993
657017
657029
657047
657049
657061
657071
657079
657089
657091
657113
657121
657127
657131
657187
657193
657197
657233
657257
657269
657281
657289
657299
657311
657313
657323
657347
657361
657383
657403
657413
657431
657439
657451
657469
657473
657491
657493
657497
657499
657523
657529
657539
657557
657581
657583
657589
657607
657617
657649
657653
657659
657661
657703
657707
657719
657743
657779
657793
657809
657827
657841
657863
657893
657911
657929
657931
657947
657959
657973
657983
658001
658043
658051
658057
658069
658079
658111
658117
658123
658127
658139
658153
658159
658169
658187
658199
658211
658219
658247
658253
658261
658277
658279
658303
658309
658319
658321
658327
658349
658351
658367
658379
658391
658403
658417
658433
658447
658453
658477
658487
658507
658547
658549
658573
658579
658589
658591
658601
658607
658613
658633
658639
658643
658649
658663
658681
658703
658751
658753
658783
658807
658817
658831
658837
658841
658871
658873
658883
658897
658907
658913
658919
658943
658961
658963
658969
658979
658991
658997
659011
659023
659047
659059
659063
659069
659077
659101
659137
659159
659171
659173
659177
659189
659221
659231
659237
659251
659279
659299
659317
659327
659333
659353
659371
659419
659423
659437
659453
659467
659473
659497
659501
659513
659521
659531
659539
659563
659569
659591
659597
659609
659611
659621
659629
659639
659653
659657
659669
659671
659689
659693
659713
659723
659741
659759
659761
659783
659819
659831
659843
659849
659863
659873
659881
659899
659917
659941
659947
659951
659963
659983
659999
660001
660013
660029
660047
660053
660061
660067
660071
660073
660097
660103
660119
660131
660137
660157
660167
660181
660197
660199
660217
660227
660241
660251
660271
660277
660281
660299
660329
660337
660347
660349
660367
660377
660379
660391
660403
660409
660449
660493
660503
660509
660521
660529
660547
660557
660559
660563
660589
660593
660599
660601
660607
660617
660619
660643
660659
660661
660683
660719
660727
660731
660733
660757
660769
660787
660791
660799
660809
660811
660817
660833
660851
660853
660887
660893
660899
660901
660917
660923
660941
660949
660973
660983
661009
661019
661027
661049
661061
661091
661093
661097
661099
661103
661109
661117
661121
661139
661183
661187
661189
661201
661217
661231
661237
661253
661259
661267
661321
661327
661343
661361
661373
661393
661417
661421
661439
661459
661477
661481
661483
661513
661517
661541
661547
661553
661603
661607
661613
661621
661663
661673
661679
661697
661721
661741
661769
661777
661823
661849
661873
661877
661879
661883
661889
661897
661909
661931
661939
661949
661951
661961
661987
661993
662003
662021
662029
662047
662059
662063
662083
662107
662111
662141
662143
662149
662177
662203
662227
662231
662251
662261
662267
662281
662287
662309
662323
662327
662339
662351
662353
662357
662369
662401
662407
662443
662449
662477
662483
662491
662513
662527
662531
662537
662539
662551
662567
662591
662617
662639
662647
662657
662671
662681
662689
662693
662713
662719
662743
662771
662773
662789
662797
662819
662833
662839
662843
662867
662897
662899
662917
662939
662941
662947
662951
662953
662957
662999
663001
663007
663031
663037
663049
663053
663071
663097
663127
663149
663161
663163
663167
663191
663203
663209
663239
663241
663263
663269
663281
663283
663301
663319
663331
663349
663359
663371
663407
663409
663437
663463
663517
663529
663539
663541
663547
663557
663563
663569
663571
663581
663583
663587
663589
663599
663601
663631
663653
663659
663661
663683
663709
663713
663737
663763
663787
663797
663821
663823
663827
663853
663857
663869
663881
663893
663907
663937
663959
663961
663967
663973
663977
663979
663983
663991
663997
664009
664019
664043
664061
664067
664091
664099
664109
664117
664121
664123
664133
664141
664151
664177
664193
664199
664211
664243
664253
664271
664273
664289
664319
664331
664357
664369
664379
664381
664403
664421
664427
664441
664459
664471
664507
664511
664529
664537
664549
664561
664571
664579
664583
664589
664597
664603
664613
664619
664621
664633
664661
664663
664667
664669
664679
664687
664691
664693
664711
664739
664757
664771
664777
664789
664793
664799
664843
664847
664849
664879
664891
664933
664949
664967
664973
664997
665011
665017
665029
665039
665047
665051
665053
665069
665089
665111
665113
665117
665123
665131
665141
665153
665177
665179
665201
665207
665213
665221
665233
665239
665251
665267
665279
665293
665299
665303
665311
665351
665359
665369
665381
665387
665419
665429
665447
665479
665501
665503
665507
665527
665549
665557
665563
665569
665573
665591
665603
665617
665629
665633
665659
665677
665713
665719
665723
665747
665761
665773
665783
665789
665801
665803
665813
665843
665857
665897
665921
665923
665947
665953
665981
665983
665993
666013
666019
666023
666031
666041
666067
666073
666079
666089
666091
666109
666119
666139
666143
666167
666173
666187
666191
666203
666229
666233
666269
666277
666301
666329
666353
666403
666427
666431
666433
666437
666439
666461
666467
666493
666511
666527
666529
666541
666557
666559
666599
666607
666637
666643
666647
666649
666667
666671
666683
666697
666707
666727
666733
666737
666749
666751
666769
666773
666811
666821
666823
666829
666857
666871
666889
666901
666929
666937
666959
666979
666983
666989
667013
667019
667021
667081
667091
667103
667123
667127
667129
667141
667171
667181
667211
667229
667241
667243
667273
667283
667309
667321
667333
667351
667361
667363
667367
667379
667417
667421
667423
667427
667441
667463
667477
667487
667501
667507
667519
667531
667547
667549
667553
667559
667561
667577
667631
667643
667649
667657
667673
667687
667691
667697
667699
667727
667741
667753
667769
667781
667801
667817
667819
667829
667837
667859
667861
667867
667883
667903
667921
667949
667963
667987
667991
667999
668009
668029
668033
668047
668051
668069
668089
668093
668111
668141
668153
668159
668179
668201
668203
668209
668221
668243
668273
668303
668347
668407
668417
668471
668509
668513
668527
668531
668533
668539
668543
668567
668579
668581
668599
668609
668611
668617
668623
668671
668677
668687
668699
668713
668719
668737
668741
668747
668761
668791
668803
668813
668821
668851
668867
668869
668873
668879
668903
668929
668939
668947
668959
668963
668989
668999
669023
669029
669049
669077
669089
669091
669107
669113
669121
669127
669133
669167
669173
669181
669241
669247
669271
669283
669287
669289
669301
669311
669329
669359
669371
669377
669379
669391
669401
669413
669419
669433
669437
669451
669463
669479
669481
669527
669551
669577
669607
669611
669637
669649
669659
669661
669667
669673
669677
669679
669689
669701
669707
669733
669763
669787
669791
669839
669847
669853
669857
669859
669863
669869
669887
669901
669913
669923
669931
669937
669943
669947
669971
669989
670001
670031
670037
670039
670049
670051
670097
670099
670129
670139
670147
670177
670193
670199
670211
670217
670223
670231
670237
670249
670261
670279
670297
670303
670321
670333
670343
670349
670363
670379
670399
670409
670447
670457
670471
670487
670489
670493
670507
670511
670517
670541
670543
670559
670577
670583
670597
670613
670619
670627
670639
670669
670673
670693
670711
670727
670729
670739
670763
670777
670781
670811
670823
670849
670853
670867
670877
670897
670903
670919
670931
670951
670963
670987
670991
671003
671017
671029
671039
671059
671063
671081
671087
671093
671123
671131
671141
671159
671161
671189
671201
671219
671233
671249
671257
671261
671269
671287
671299
671303
671323
671339
671353
671357
671369
671383
671401
671417
671431
671443
671467
671471
671477
671501
671519
671533
671537
671557
671581
671591
671603
671609
671633
671647
671651
671681
671701
671717
671729
671743
671753
671777
671779
671791
671831
671837
671851
671887
671893
671903
671911
671917
671921
671933
671939
671941
671947
671969
671971
671981
671999
672019
672029
672041
672043
672059
672073
672079
672097
672103
672107
672127
672131
672137
672143
672151
672167
672169
672181
672193
672209
672223
672227
672229
672251
672271
672283
672289
672293
672311
672317
672323
672341
672349
672377
672379
672439
672443
672473
672493
672499
672521
672557
672577
672587
672593
672629
672641
672643
672653
672667
672703
672743
672757
672767
672779
672781
672787
672799
672803
672811
672817
672823
672827
672863
672869
672871
672883
672901
672913
672937
672943
672949
672953
672967
672977
672983
673019
673039
673063
673069
673073
673091
673093
673109
673111
673117
673121
673129
673157
673193
673199
673201
673207
673223
673241
673247
673271
673273
673291
673297
673313
673327
673339
673349
673381
673391
673397
673399
673403
673411
673427
673429
673441
673447
673451
673457
673459
673469
673487
673499
673513
673529
673549
673553
673567
673573
673579
673609
673613
673619
673637
673639
673643
673649
673667
673669
673747
673769
673781
673787
673793
673801
673811
673817
673837
673879
673891
673921
673943
673951
673961
673979
673991
674017
674057
674059
674071
674083
674099
674117
674123
674131
674159
674161
674173
674183
674189
674227
674231
674239
674249
674263
674269
674273
674299
674321
674347
674357
674363
674371
674393
674419
674431
674449
674461
674483
674501
674533
674537
674551
674563
674603
674647
674669
674677
674683
674693
674699
674701
674711
674717
674719
674731
674741
674749
674759
674761
674767
674771
674789
674813
674827
674831
674833
674837
674851
674857
674867
674879
674903
674929
674941
674953
674957
674977
674987
675029
675067
675071
675079
675083
675097
675109
675113
675131
675133
675151
675161
675163
675173
675179
675187
675197
675221
675239
675247
675251
675253
675263
675271
675299
675313
675319
675341
675347
675391
675407
675413
675419
675449
675457
675463
675481
675511
675539
675541
675551
675553
675559
675569
675581
675593
675601
675607
675611
675617
675629
675643
675713
675739
675743
675751
675781
675797
675817
675823
675827
675839
675841
675859
675863
675877
675881
675889
675923
675929
675931
675959
675973
675977
675979
676007
676009
676031
676037
676043
676051
676057
676061
676069
676099
676103
676111
676129
676147
676171
676211
676217
676219
676241
676253
676259
676279
676289
676297
676337
676339
676349
676363
676373
676387
676391
676409
676411
676421
676427
676463
676469
676493
676523
676573
676589
676597
676601
676649
676661
676679
676703
676717
676721
676727
676733
676747
676751
676763
676771
676807
676829
676859
676861
676883
676891
676903
676909
676919
676927
676931
676937
676943
676961
676967
676979
676981
676987
676993
677011
677021
677029
677041
677057
677077
677081
677107
677111
677113
677119
677147
677167
677177
677213
677227
677231
677233
677239
677309
677311
677321
677323
677333
677357
677371
677387
677423
677441
677447
677459
677461
677471
677473
677531
677533
677539
677543
677561
677563
677587
677627
677639
677647
677657
677681
677683
677687
677717
677737
677767
677779
677783
677791
677813
677827
677857
677891
677927
677947
677953
677959
677983
678023
678037
678047
678061
678077
678101
678103
678133
678157
678169
678179
678191
678199
678203
678211
678217
678221
678229
678253
678289
678299
678329
678341
678343
678367
678371
678383
678401
678407
678409
678413
678421
678437
678451
678463
678479
678481
678493
678499
678533
678541
678553
678563
678577
678581
678593
678599
678607
678611
678631
678637
678641
678647
678649
678653
678659
678719
678721
678731
678739
678749
678757
678761
678763
678767
678773
678779
678809
678823
678829
678833
678859
678871
678883
678901
678907
678941
678943
678949
678959
678971
678989
679033
679037
679039
679051
679067
679087
679111
679123
679127
679153
679157
679169
679171
679183
679207
679219
679223
679229
679249
679277
679279
679297
679309
679319
679333
679361
679363
679369
679373
679381
679403
679409
679417
679423
679433
679451
679463
679487
679501
679517
679519
679531
679537
679561
679597
679603
679607
679633
679639
679669
679681
679691
679699
679709
679733
679741
679747
679751
679753
679781
679793
679807
679823
679829
679837
679843
679859
679867
679879
679883
679891
679897
679907
679909
679919
679933
679951
679957
679961
679969
679981
679993
679999
680003
680027
680039
680059
680077
680081
680083
680107
680123
680129
680159
680161
680177
680189
680203
680209
680213
680237
680249
680263
680291
680293
680297
680299
680321
680327
680341
680347
680353
680377
680387
680399
680401
680411
680417
680431
680441
680443
680453
680489
680503
680507
680509
680531
680539
680567
680569
680587
680597
680611
680623
680633
680651
680657
680681
680707
680749
680759
680767
680783
680803
680809
680831
680857
680861
680873
680879
680881
680917
680929
680959
680971
680987
680989
680993
681001
681011
681019
681041
681047
681049
681061
681067
681089
681091
681113
681127
681137
681151
681167
681179
681221
681229
681251
681253
681257
681259
681271
681293
681311
681337
681341
681361
681367
681371
681403
681407
681409
681419
681427
681449
681451
681481
681487
681493
681497
681521
681523
681539
681557
681563
681589
681607
681613
681623
681631
681647
681673
681677
681689
681719
681727
681731
681763
681773
681781
681787
681809
681823
681833
681839
681841
681883
681899
681913
681931
681943
681949
681971
681977
681979
681983
681997
682001
682009
682037
682049
682063
682069
682079
682141
682147
682151
682153
682183
682207
682219
682229
682237
682247
682259
682277
682289
682291
682303
682307
682321
682327
682333
682337
682361
682373
682411
682417
682421
682427
682439
682447
682463
682471
682483
682489
682511
682519
682531
682547
682597
682607
682637
682657
682673
682679
682697
682699
682723
682729
682733
682739
682751
682763
682777
682789
682811
682819
682901
682933
682943
682951
682967
683003
683021
683041
683047
683071
683083
683087
683119
683129
683143
683149
683159
683201
683231
683251
683257
683273
683299
683303
683317
683323
683341
683351
683357
683377
683381
683401
683407
683437
683447
683453
683461
683471
683477
683479
683483
683489
683503
683513
683567
683591
683597
683603
683651
683653
683681
683687
683693
683699
683701
683713
683719
683731
683737
683747
683759
683777
683783
683789
683807
683819
683821
683831
683833
683843
683857
683861
683863
683873
683887
683899
683909
683911
683923
683933
683939
683957
683983
684007
684017
684037
684053
684091
684109
684113
684119
684121
684127
684157
684163
684191
684217
684221
684239
684269
684287
684289
684293
684311
684329
684337
684347
684349
684373
684379
684407
684419
684427
684433
684443
684451
684469
684473
684493
684527
684547
684557
684559
684569
684581
684587
684599
684617
684637
684643
684647
684683
684713
684727
684731
684751
684757
684767
684769
684773
684791
684793
684799
684809
684829
684841
684857
684869
684889
684923
684949
684961
684973
684977
684989
685001
685019
685031
685039
685051
685057
685063
685073
685081
685093
685099
685103
685109
685123
685141
685169
685177
685199
685231
685247
685249
685271
685297
685301
685319
685337
685339
685361
685367
685369
685381
685393
685417
685427
685429
685453
685459
685471
685493
685511
685513
685519
685537
685541
685547
685591
685609
685613
685621
685631
685637
685649
685669
685679
685697
685717
685723
685733
685739
685747
685753
685759
685781
685793
685819
685849
685859
685907
685939
685963
685969
685973
685987
685991
686003
686009
686011
686027
686029
686039
686041
686051
686057
686087
686089
686099
686117
686131
686141
686143
686149
686173
686177
686197
686201
686209
686267
686269
686293
686317
686321
686333
686339
686353
686359
686363
686417
686423
686437
686449
686453
686473
686479
686503
686513
686519
686551
686563
686593
686611
686639
686669
686671
686687
686723
686729
686731
686737
686761
686773
686789
686797
686801
686837
686843
686863
686879
686891
686893
686897
686911
686947
686963
686969
686971
686977
686989
686993
687007
687013
687017
687019
687023
687031
687041
687061
687073
687083
687101
687107
687109
687121
687131
687139
687151
687161
687163
687179
687223
687233
687277
687289
687299
687307
687311
687317
687331
687341
687343
687359
687383
687389
687397
687403
687413
687431
687433
687437
687443
687457
687461
687473
687481
687499
687517
687521
687523
687541
687551
687559
687581
687593
687623
687637
687641
687647
687679
687683
687691
687707
687721
687737
687749
687767
687773
687779
687787
687809
687823
687829
687839
687847
687893
687901
687917
687923
687931
687949
687961
687977
688003
688013
688027
688031
688063
688067
688073
688087
688097
688111
688133
688139
688147
688159
688187
688201
688217
688223
688249
688253
688277
688297
688309
688333
688339
688357
688379
688393
688397
688403
688411
688423
688433
688447
688451
688453
688477
688511
688531
688543
688561
688573
688591
688621
688627
688631
688637
688657
688661
688669
688679
688697
688717
688729
688733
688741
688747
688757
688763
688777
688783
688799
688813
688861
688867
688871
688889
688907
688939
688951
688957
688969
688979
688999
689021
689033
689041
689063
689071
689077
689081
689089
689093
689107
689113
689131
689141
689167
689201
689219
689233
689237
689257
689261
689267
689279
689291
689309
689317
689321
689341
689357
689369
689383
689389
689393
689411
689431
689441
689459
689461
689467
689509
689551
689561
689581
689587
689597
689599
689603
689621
689629
689641
689693
689699
689713
689723
689761
689771
689779
689789
689797
689803
689807
689827
689831
689851
689867
689869
689873
689879
689891
689893
689903
689917
689921
689929
689951
689957
689959
689963
689981
689987
690037
690059
690073
690089
690103
690119
690127
690139
690143
690163
690187
690233
690259
690269
690271
690281
690293
690323
690341
690367
690377
690397
690407
690419
690427
690433
690439
690449
690467
690491
690493
690509
690511
690533
690541
690553
690583
690589
690607
690611
690629
690661
690673
690689
690719
690721
690757
690787
690793
690817
690839
690841
690869
690871
690887
690889
690919
690929
690953
690997
691001
691037
691051
691063
691079
691109
691111
691121
691129
691147
691151
691153
691181
691183
691189
691193
691199
691231
691241
691267
691289
691297
691309
691333
691337
691343
691349
691363
691381
691399
691409
691433
691451
691463
691489
691499
691531
691553
691573
691583
691589
691591
691631
691637
691651
691661
691681
691687
691693
691697
691709
691721
691723
691727
691729
691739
691759
691763
691787
691799
691813
691829
691837
691841
691843
691871
691877
691891
691897
691903
691907
691919
691921
691931
691949
691973
691979
691991
691997
692009
692017
692051
692059
692063
692071
692089
692099
692117
692141
692147
692149
692161
692191
692221
692239
692249
692269
692273
692281
692287
692297
692299
692309
692327
692333
692347
692353
692371
692387
692389
692399
692401
692407
692413
692423
692431
692441
692453
692459
692467
692513
692521
692537
692539
692543
692567
692581
692591
692621
692641
692647
692651
692663
692689
692707
692711
692717
692729
692743
692753
692761
692771
692779
692789
692821
692851
692863
692893
692917
692927
692929
692933
692957
692963
692969
692983
693019
693037
693041
693061
693079
693089
693097
693103
693127
693137
693149
693157
693167
693169
693179
693223
693257
693283
693317
693323
693337
693353
693359
693373
693397
693401
693403
693409
693421
693431
693437
693487
693493
693503
693523
693527
693529
693533
693569
693571
693601
693607
693619
693629
693659
693661
693677
693683
693689
693691
693697
693701
693727
693731
693733
693739
693743
693757
693779
693793
693799
693809
693827
693829
693851
693859
693871
693877
693881
693943
693961
693967
693989
694019
694033
694039
694061
694069
694079
694081
694087
694091
694123
694189
694193
694201
694207
694223
694259
694261
694271
694273
694277
694313
694319
694327
694333
694339
694349
694357
694361
694367
694373
694381
694387
694391
694409
694427
694457
694471
694481
694483
694487
694511
694513
694523
694541
694549
694559
694567
694571
694591
694597
694609
694619
694633
694649
694651
694717
694721
694747
694763
694781
694783
694789
694829
694831
694867
694871
694873
694879
694901
694919
694951
694957
694979
694987
694997
694999
695003
695017
695021
695047
695059
695069
695081
695087
695089
695099
695111
695117
695131
695141
695171
695207
695239
695243
695257
695263
695269
695281
695293
695297
695309
695323
695327
695329
695347
695369
695371
695377
695389
695407
695411
695441
695447
695467
695477
695491
695503
695509
695561
695567
695573
695581
695593
695599
695603
695621
695627
695641
695659
695663
695677
695687
695689
695701
695719
695743
695749
695771
695777
695791
695801
695809
695839
695843
695867
695873
695879
695881
695899
695917
695927
695939
695999
696019
696053
696061
696067
696077
696079
696083
696107
696109
696119
696149
696181
696239
696253
696257
696263
696271
696281
696313
696317
696323
696343
696349
696359
696361
696373
696379
696403
696413
696427
696433
696457
696481
696491
696497
696503
696517
696523
696533
696547
696569
696607
696611
696617
696623
696629
696653
696659
696679
696691
696719
696721
696737
696743
696757
696763
696793
696809
696811
696823
696827
696833
696851
696853
696887
696889
696893
696907
696929
696937
696961
696989
696991
697009
697013
697019
697033
697049
697063
697069
697079
697087
697093
697111
697121
697127
697133
697141
697157
697181
697201
697211
697217
697259
697261
697267
697271
697303
697327
697351
697373
697379
697381
697387
697397
697399
697409
697423
697441
697447
697453
697457
697481
697507
697511
697513
697519
697523
697553
697579
697583
697591
697601
697603
697637
697643
697673
697681
697687
697691
697693
697703
697727
697729
697733
697757
697759
697787
697819
697831
697877
697891
697897
697909
697913
697937
697951
697967
697973
697979
697993
697999
698017
698021
698039
698051
698053
698077
698083
698111
698171
698183
698239
698249
698251
698261
698263
698273
698287
698293
698297
698311
698329
698339
698359
698371
698387
698393
698413
698417
698419
698437
698447
698471
698483
698491
698507
698521
698527
698531
698539
698543
698557
698567
698591
698641
698653
698669
698701
698713
698723
698729
698773
698779
698821
698827
698849
698891
698899
698903
698923
698939
698977
698983
699001
699007
699037
699053
699059
699073
699077
699089
699113
699119
699133
699151
699157
699169
699187
699191
699197
699211
699217
699221
699241
699253
699271
699287
699289
699299
699319
699323
699343
699367
699373
699379
699383
699401
699427
699437
699443
699449
699463
699469
699493
699511
699521
699527
699529
699539
699541
699557
699571
699581
699617
699631
699641
699649
699697
699709
699719
699733
699757
699761
699767
699791
699793
699817
699823
699863
699931
699943
699947
699953
699961
699967
700001
700027
700057
700067
700079
700081
700087
700099
700103
700109
700127
700129
700171
700199
700201
700211
700223
700229
700237
700241
700277
700279
700303
700307
700319
700331
700339
700361
700363
700367
700387
700391
700393
700423
700429
700433
700459
700471
700499
700523
700537
700561
700571
700573
700577
700591
700597
700627
700633
700639
700643
700673
700681
700703
700717
700751
700759
700781
700789
700801
700811
700831
700837
700849
700871
700877
700883
700897
700907
700919
700933
700937
700949
700963
700993
701009
701011
701023
701033
701047
701089
701117
701147
701159
701177
701179
701209
701219
701221
701227
701257
701279
701291
701299
701329
701341
701357
701359
701377
701383
701399
701401
701413
701417
701419
701443
701447
701453
701473
701479
701489
701497
701507
701509
701527
701531
701549
701579
701581
701593
701609
701611
701621
701627
701629
701653
701669
701671
701681
701699
701711
701719
701731
701741
701761
701783
701791
701819
701837
701863
701881
701903
701951
701957
701963
701969
702007
702011
702017
702067
702077
702101
702113
702127
702131
702137
702139
702173
702179
702193
702199
702203
702211
702239
702257
702269
702281
702283
702311
702313
702323
702329
702337
702341
702347
702349
702353
702379
702391
702407
702413
702431
702433
702439
702451
702469
702497
702503
702511
702517
702523
702529
702539
702551
702557
702587
702589
702599
702607
702613
702623
702671
702679
702683
702701
702707
702721
702731
702733
702743
702773
702787
702803
702809
702817
702827
702847
702851
702853
702869
702881
702887
702893
702913
702937
702983
702991
703013
703033
703039
703081
703117
703121
703123
703127
703139
703141
703169
703193
703211
703217
703223
703229
703231
703243
703249
703267
703277
703301
703309
703321
703327
703331
703349
703357
703379
703393
703411
703441
703447
703459
703463
703471
703489
703499
703531
703537
703559
703561
703631
703643
703657
703663
703673
703679
703691
703699
703709
703711
703721
703733
703753
703763
703789
703819
703837
703849
703861
703873
703883
703897
703903
703907
703943
703949
703957
703981
703991
704003
704009
704017
704023
704027
704029
704059
704069
704087
704101
704111
704117
704131
704141
704153
704161
704177
704183
704189
704213
704219
704233
704243
704251
704269
704279
704281
704287
704299
704303
704309
704321
704357
704393
704399
704419
704441
704447
704449
704453
704461
704477
704507
704521
704527
704549
704551
704567
704569
704579
704581
704593
704603
704617
704647
704657
704663
704681
704687
704713
704719
704731
704747
704761
704771
704777
704779
704783
704797
704801
704807
704819
704833
704839
704849
704857
704861
704863
704867
704897
704929
704933
704947
704983
704989
704993
704999
705011
705013
705017
705031
705043
705053
705073
705079
705097
705113
705119
705127
705137
705161
705163
705167
705169
705181
705191
705197
705209
705247
705259
705269
705277
705293
705307
705317
705389
705403
705409
705421
705427
705437
705461
705491
705493
705499
705521
705533
705559
705613
705631
705643
705689
705713
705737
705751
705763
705769
705779
705781
705787
705821
705827
705829
705833
705841
705863
705871
705883
705899
705919
705937
705949
705967
705973
705989
706001
706003
706009
706019
706033
706039
706049
706051
706067
706099
706109
706117
706133
706141
706151
706157
706159
706183
706193
706201
706207
706213
706229
706253
706267
706283
706291
706297
706301
706309
706313
706337
706357
706369
706373
706403
706417
706427
706463
706481
706487
706499
706507
706523
706547
706561
706597
706603
706613
706621
706631
706633
706661
706669
706679
706703
706709
706729
706733
706747
706751
706753
706757
706763
706787
706793
706801
706829
706837
706841
706847
706883
706897
706907
706913
706919
706921
706943
706961
706973
706987
706999
707011
707027
707029
707053
707071
707099
707111
707117
707131
707143
707153
707159
707177
707191
707197
707219
707249
707261
707279
707293
707299
707321
707341
707359
707383
707407
707429
707431
707437
707459
707467
707501
707527
707543
707561
707563
707573
707627
707633
707647
707653
707669
707671
707677
707683
707689
707711
707717
707723
707747
707753
707767
707789
707797
707801
707813
707827
707831
707849
707857
707869
707873
707887
707911
707923
707929
707933
707939
707951
707953
707957
707969
707981
707983
708007
708011
708017
708023
708031
708041
708047
708049
708053
708061
708091
708109
708119
708131
708137
708139
708161
708163
708179
708199
708221
708223
708229
708251
708269
708283
708287
708293
708311
