20821193
20821211
20821219
20821223
20821249
20821261
20821291
20821309
20821327
20821349
20821351
20821363
20821373
20821387
20821403
20821433
20821439
20821469
20821487
20821499
20821501
20821519
20821547
20821607
20821609
20821627
20821637
20821643
20821649
20821667
20821709
20821711
20821741
20821747
20821763
20821789
20821841
20821849
20821873
20821897
20821907
20821909
20821949
20821963
20821981
20822017
20822033
20822047
20822051
20822063
20822071
20822077
20822089
20822101
20822143
20822149
20822177
20822183
20822189
20822201
20822227
20822257
20822279
20822281
20822287
20822299
20822317
20822323
20822341
20822353
20822371
20822393
20822407
20822419
20822437
20822443
20822471
20822509
20822513
20822519
20822531
20822563
20822573
20822579
20822591
20822647
20822653
20822663
20822677
20822687
20822701
20822717
20822821
20822831
20822839
20822869
20822873
20822881
20822887
20822933
20822939
20822941
20822969
20822987
20822999
20823001
20823007
20823013
20823017
20823029
20823059
20823083
20823109
20823139
20823149
20823151
20823157
20823167
20823169
20823239
20823263
20823269
20823287
20823307
20823311
20823331
20823337
20823343
20823347
20823359
20823409
20823427
20823431
20823433
20823437
20823493
20823497
20823553
20823557
20823581
20823587
20823619
20823643
20823683
20823701
20823703
20823721
20823727
20823757
20823767
20823833
20823839
20823851
20823853
20823857
20823871
20823889
20823899
20823919
20823937
20823967
20823977
20824043
20824051
20824073
20824103
20824127
20824147
20824151
20824159
20824189
20824213
20824253
20824261
20824267
20824273
20824301
20824319
20824327
20824387
20824393
20824403
20824417
20824423
20824429
20824457
20824459
20824477
20824501
20824519
20824537
20824543
20824547
20824553
20824579
20824613
20824631
20824633
20824649
20824651
20824669
20824691
20824693
20824721
20824757
20824763
20824781
20824789
20824799
20824861
20824877
20824879
20824889
20824907
20824927
20824933
20824961
20824981
20824997
20825003
20825009
20825011
20825023
20825041
20825047
20825071
20825093
20825099
20825177
20825209
20825227
20825239
20825243
20825257
20825267
20825293
20825297
20825341
20825347
20825351
20825359
20825381
20825411
20825423
20825437
20825471
20825473
20825479
20825491
20825503
20825551
20825569
20825573
20825591
20825599
20825611
20825617
20825621
20825633
20825639
20825641
20825647
20825657
20825681
20825689
20825699
20825713
20825723
20825737
20825771
20825801
20825807
20825809
20825813
20825837
20825839
20825863
20825869
20825891
20825921
20825923
20825927
20825939
20825963
20825977
20825983
20825989
20825993
20825999
20826011
20826019
20826023
20826053
20826077
20826103
20826107
20826121
20826131
20826133
20826137
20826161
20826163
20826167
20826199
20826209
20826251
20826257
20826271
20826331
20826353
20826361
20826367
20826397
20826409
20826419
20826427
20826439
20826461
20826473
20826493
20826517
20826529
20826539
20826557
20826563
20826571
20826601
20826613
20826629
20826653
20826677
20826697
20826791
20826797
20826809
20826859
20826881
20826889
20826919
20826931
20826943
20826961
20827003
20827013
20827043
20827049
20827061
20827067
20827073
20827099
20827117
20827123
20827181
20827199
20827241
20827243
20827253
20827267
20827271
20827277
20827309
20827349
20827403
20827421
20827427
20827447
20827453
20827487
20827501
20827511
20827517
20827571
20827579
20827589
20827603
20827607
20827613
20827663
20827679
20827693
20827711
20827717
20827727
20827747
20827757
20827769
20827783
20827787
20827789
20827799
20827813
20827831
20827837
20827843
20827853
20827861
20827897
20827913
20827957
20827967
20827987
20827999
20828029
20828033
20828053
20828057
20828107
20828147
20828149
20828153
20828189
20828201
20828209
20828221
20828233
20828243
20828251
20828257
20828279
20828309
20828323
20828333
20828371
20828387
20828393
20828399
20828411
20828413
20828419
20828449
20828453
20828459
20828471
20828477
20828527
20828537
20828539
20828543
20828551
20828597
20828609
20828651
20828653
20828657
20828659
20828671
20828737
20828747
20828749
20828761
20828783
20828803
20828827
20828851
20828867
20828879
20828897
20828911
20828917
20828923
20828953
20828971
20828987
20829001
20829019
20829023
20829103
20829167
20829169
20829181
20829209
20829217
20829223
20829227
20829229
20829239
20829251
20829253
20829269
20829313
20829317
20829349
20829433
20829443
20829449
20829463
20829469
20829493
20829503
20829527
20829541
20829577
20829581
20829637
20829701
20829703
20829707
20829727
20829749
20829821
20829839
20829841
20829857
20829869
20829899
20829943
20829953
20829959
20829971
20829979
20829983
20829989
20830013
20830021
20830027
20830037
20830057
20830067
20830133
20830141
20830153
20830163
20830169
20830211
20830217
20830237
20830241
20830247
20830267
20830291
20830301
20830309
20830333
20830339
20830343
20830351
20830373
20830379
20830391
20830393
20830399
20830417
20830421
20830429
20830471
20830489
20830499
20830507
20830529
20830547
20830549
20830573
20830591
20830597
20830609
20830633
20830637
20830639
20830673
20830681
20830721
20830751
20830807
20830813
20830819
20830837
20830841
20830861
20830879
20830891
20830907
20830937
20830949
20830991
20831003
20831009
20831017
20831051
20831053
20831093
20831119
20831131
20831141
20831147
20831177
20831183
20831219
20831249
20831267
20831269
20831281
20831299
20831323
20831533
20831557
20831593
20831621
20831639
20831641
20831653
20831711
20831717
20831719
20831729
20831761
20831803
20831807
20831821
20831827
20831849
20831861
20831869
20831891
20831893
20831903
20831911
20831929
20831939
20831959
20831981
20831983
20832001
20832023
20832047
20832061
20832079
20832101
20832107
20832131
20832143
20832187
20832193
20832197
20832209
20832239
20832263
20832269
20832271
20832277
20832299
20832307
20832337
20832349
20832367
20832389
20832391
20832397
20832433
20832439
20832451
20832467
20832481
20832491
20832523
20832533
20832577
20832587
20832601
20832629
20832653
20832671
20832697
20832709
20832727
20832767
20832821
20832859
20832863
20832881
20832901
20832937
20832971
20832983
20832997
20833013
20833039
20833067
20833069
20833073
20833091
20833093
20833097
20833103
20833121
20833133
20833157
20833201
20833213
20833231
20833237
20833277
20833283
20833297
20833301
20833303
20833343
20833357
20833403
20833411
20833427
20833433
20833441
20833487
20833493
20833499
20833511
20833529
20833531
20833541
20833567
20833577
20833591
20833609
20833651
20833661
20833663
20833669
20833679
20833691
20833693
20833723
20833759
20833763
20833777
20833783
20833807
20833811
20833859
20833867
20833877
20833889
20833909
20833927
20833931
20833949
20833957
20833961
20833963
20833979
20833987
20833991
20833999
20834003
20834029
20834063
20834081
20834083
20834087
20834111
20834137
20834147
20834153
20834167
20834213
20834243
20834249
20834321
20834323
20834327
20834399
20834417
20834461
20834467
20834479
20834491
20834509
20834551
20834579
20834599
20834609
20834617
20834623
20834629
20834641
20834647
20834651
20834657
20834687
20834689
20834717
20834761
20834797
20834813
20834851
20834861
20834873
20834881
20834899
20834903
20834927
20834939
20834953
20834969
20834981
20835037
20835041
20835043
20835049
20835071
20835103
20835151
20835161
20835187
20835197
20835203
20835209
20835211
20835233
20835289
20835299
20835301
20835337
20835359
20835389
20835431
20835443
20835461
20835467
20835469
20835491
20835497
20835509
20835511
20835517
20835541
20835553
20835569
20835611
20835629
20835637
20835641
20835643
20835653
20835671
20835679
20835707
20835719
20835721
20835743
20835757
20835803
20835809
20835811
20835821
20835827
20835839
20835853
20835883
20835887
20835889
20835911
20835917
20835923
20835929
20835959
20835967
20835977
20836009
20836019
20836043
20836051
20836063
20836073
20836111
20836117
20836121
20836187
20836201
20836219
20836223
20836253
20836267
20836289
20836301
20836307
20836313
20836327
20836337
20836351
20836357
20836363
20836379
20836391
20836411
20836421
20836427
20836429
20836447
20836457
20836477
20836507
20836537
20836561
20836573
20836589
20836631
20836633
20836657
20836687
20836691
20836709
20836721
20836793
20836817
20836831
20836847
20836889
20836903
20836909
20836927
20836931
20836967
20836969
20836973
20836997
20836999
20837021
20837039
20837059
20837071
20837077
20837081
20837083
20837093
20837099
20837107
20837111
20837123
20837147
20837153
20837161
20837171
20837183
20837191
20837213
20837221
20837231
20837251
20837261
20837273
20837279
20837317
20837329
20837347
20837353
20837371
20837381
20837387
20837419
20837429
20837441
20837449
20837459
20837477
20837483
20837491
20837519
20837521
20837543
20837567
20837581
20837651
20837653
20837683
20837711
20837749
20837807
20837809
20837819
20837821
20837833
20837891
20837899
20837981
20838011
20838019
20838043
20838047
20838049
20838053
20838071
20838089
20838091
20838109
20838113
20838119
20838137
20838157
20838163
20838173
20838179
20838197
20838199
20838203
20838221
20838227
20838263
20838281
20838317
20838329
20838401
20838431
20838439
20838449
20838451
20838469
20838491
20838509
20838527
20838569
20838577
20838581
20838589
20838599
20838641
20838661
20838677
20838689
20838707
20838721
20838751
20838757
20838781
20838793
20838803
20838823
20838833
20838841
20838847
20838863
20838869
20838871
20838919
20838929
20838931
20838949
20838967
20838971
20839009
20839033
20839043
20839051
20839097
20839109
20839129
20839141
20839157
20839187
20839201
20839243
20839249
20839267
20839277
20839279
20839309
20839319
20839327
20839337
20839339
20839367
20839373
20839381
20839393
20839397
20839417
20839451
20839459
20839463
20839493
20839517
20839519
20839537
20839543
20839549
20839579
20839583
20839597
20839607
20839619
20839639
20839667
20839691
20839697
20839703
20839711
20839727
20839729
20839733
20839757
20839801
20839813
20839829
20839867
20839879
20839891
20839901
20839913
20839919
20839927
20839933
20839937
20839939
20839957
20839961
20839969
20839997
20839999
20840033
20840041
20840059
20840063
20840087
20840107
20840111
20840117
20840123
20840167
20840173
20840233
20840263
20840269
20840293
20840297
20840311
20840363
20840377
20840381
20840389
20840399
20840429
20840459
20840471
20840489
20840503
20840513
20840527
20840537
20840543
20840557
20840563
20840569
20840579
20840581
20840591
20840593
20840609
20840621
20840627
20840639
20840653
20840683
20840707
20840717
20840761
20840789
20840837
20840839
20840873
20840887
20840923
20840933
20840951
20840977
20840987
20840999
20841011
20841049
20841089
20841109
20841113
20841179
20841181
20841187
20841211
20841229
20841239
20841241
20841259
20841263
20841277
20841287
20841307
20841311
20841319
20841341
20841361
20841367
20841391
20841409
20841419
20841421
20841463
20841481
20841523
20841529
20841547
20841577
20841581
20841629
20841631
20841637
20841647
20841649
20841659
20841671
20841679
20841683
20841739
20841761
20841763
20841787
20841823
20841853
20841857
20841869
20841871
20841883
20841911
20841913
20841937
20841941
20841943
20841959
20841967
20841973
20842007
20842021
20842037
20842043
20842049
20842093
20842127
20842141
20842147
20842169
20842177
20842181
20842189
20842201
20842219
20842243
20842247
20842277
20842279
20842319
20842337
20842343
20842361
20842397
20842421
20842429
20842441
20842453
20842483
20842499
20842519
20842529
20842543
20842553
20842579
20842589
20842597
20842603
20842607
20842631
20842673
20842687
20842691
20842699
20842709
20842721
20842733
20842747
20842751
20842763
20842817
20842837
20842847
20842873
20842879
20842889
20842891
20842919
20842933
20842937
20842961
20843021
20843023
20843051
20843087
20843093
20843101
20843117
20843143
20843149
20843153
20843161
20843197
20843201
20843203
20843219
20843227
20843237
20843239
20843287
20843341
20843353
20843369
20843371
20843387
20843393
20843413
20843443
20843447
20843453
20843491
20843503
20843507
20843509
20843521
20843527
20843549
20843561
20843567
20843569
20843623
20843629
20843653
20843657
20843671
20843677
20843689
20843723
20843731
20843789
20843813
20843827
20843831
20843833
20843843
20843861
20843869
20843881
20843897
20843903
20843923
20843929
20843939
20843959
20843971
20843981
20844001
20844017
20844029
20844037
20844041
20844053
20844073
20844079
20844119
20844133
20844137
20844143
20844149
20844151
20844167
20844181
20844203
20844217
20844223
20844253
20844259
20844269
20844281
20844289
20844323
20844353
20844361
20844389
20844391
20844401
20844407
20844409
20844433
20844443
20844451
20844469
20844487
20844491
20844497
20844517
20844521
20844553
20844557
20844559
20844569
20844583
20844587
20844599
20844613
20844619
20844623
20844661
20844667
20844671
20844701
20844709
20844713
20844721
20844731
20844743
20844749
20844751
20844763
20844781
20844793
20844821
20844827
20844841
20844871
20844883
20844937
20844947
20844959
20844977
20844979
20844983
20845007
20845021
20845057
20845073
20845091
20845129
20845151
20845157
20845163
20845189
20845193
20845207
20845217
20845219
20845267
20845273
20845277
20845327
20845333
20845339
20845373
20845381
20845427
20845453
20845459
20845471
20845481
20845499
20845501
20845511
20845523
20845537
20845543
20845579
20845631
20845639
20845673
20845681
20845687
20845697
20845711
20845771
20845823
20845849
20845871
20845879
20845883
20845897
20845921
20845933
20845943
20845963
20845991
20845997
20846009
20846017
20846039
20846047
20846069
20846087
20846101
20846107
20846117
20846129
20846153
20846159
20846171
20846183
20846209
20846213
20846219
20846227
20846261
20846269
20846279
20846341
20846377
20846383
20846393
20846407
20846417
20846431
20846459
20846461
20846549
20846587
20846611
20846627
20846653
20846659
20846677
20846687
20846699
20846713
20846729
20846731
20846753
20846767
20846783
20846797
20846801
20846827
20846851
20846869
20846921
20846927
20846941
20846953
20846957
20846963
20846977
20847007
20847017
20847053
20847061
20847067
20847133
20847149
20847163
20847173
20847181
20847187
20847191
20847227
20847241
20847247
20847289
20847293
20847319
20847331
20847341
20847349
20847353
20847371
20847377
20847397
20847401
20847403
20847419
20847443
20847451
20847481
20847493
20847523
20847551
20847569
20847581
20847599
20847623
20847641
20847643
20847679
20847703
20847707
20847727
20847737
20847751
20847767
20847791
20847793
20847833
20847859
20847877
20847881
20847887
20847889
20847923
20847941
20847949
20847971
20847973
20847977
20847979
20848007
20848019
20848033
20848039
20848043
20848081
20848099
20848109
20848147
20848199
20848211
20848231
20848237
20848241
20848253
20848259
20848291
20848297
20848343
20848357
20848367
20848379
20848381
20848393
20848423
20848489
20848543
20848547
20848559
20848561
20848571
20848573
20848577
20848621
20848631
20848637
20848657
20848693
20848703
20848733
20848753
20848759
20848819
20848823
20848831
20848837
20848897
20848901
20848907
20848913
20848931
20848943
20848963
20848991
20849009
20849011
20849029
20849041
20849053
20849069
20849077
20849107
20849111
20849119
20849131
20849141
20849161
20849177
20849189
20849203
20849207
20849237
20849263
20849273
20849317
20849321
20849399
20849401
20849417
20849461
20849467
20849473
20849483
20849489
20849501
20849503
20849509
20849519
20849551
20849561
20849573
20849641
20849657
20849659
20849677
20849681
20849713
20849761
20849767
20849779
20849791
20849809
20849813
20849839
20849903
20849909
20849911
20849947
20849957
20849963
20849977
20849987
20849993
20850001
20850019
20850047
20850059
20850077
20850079
20850083
20850097
20850103
20850107
20850113
20850131
20850169
20850223
20850241
20850251
20850287
20850293
20850311
20850331
20850343
20850367
20850407
20850409
20850437
20850439
20850461
20850463
20850491
20850521
20850523
20850547
20850553
20850587
20850589
20850607
20850611
20850617
20850629
20850637
20850649
20850671
20850691
20850701
20850703
20850737
20850749
20850757
20850761
20850763
20850773
20850779
20850793
20850799
20850803
20850833
20850839
20850853
20850871
20850881
20850899
20850901
20850931
20850953
20850967
20850979
20851007
20851097
20851109
20851211
20851213
20851223
20851253
20851267
20851273
20851277
20851283
20851289
20851291
20851301
20851321
20851331
20851361
20851399
20851433
20851451
20851463
20851471
20851477
20851483
20851511
20851513
20851541
20851549
20851573
20851601
20851637
20851643
20851679
20851681
20851687
20851693
20851697
20851711
20851717
20851769
20851771
20851781
20851801
20851867
20851891
20851907
20851927
20851937
20851951
20851967
20851969
20851991
20852023
20852087
20852089
20852093
20852107
20852113
20852123
20852141
20852147
20852171
20852197
20852207
20852219
20852261
20852263
20852281
20852297
20852303
20852309
20852317
20852323
20852333
20852341
20852347
20852369
20852383
20852393
20852407
20852411
20852431
20852437
20852441
20852471
20852473
20852501
20852509
20852521
20852539
20852543
20852563
20852569
20852581
20852609
20852617
20852621
20852627
20852639
20852687
20852701
20852707
20852773
20852779
20852791
20852803
20852809
20852831
20852849
20852851
20852857
20852921
20852929
20852933
20852947
20852971
20852977
20852981
20853023
20853031
20853037
20853043
20853047
20853061
20853083
20853097
20853109
20853113
20853121
20853143
20853187
20853193
20853227
20853229
20853257
20853269
20853293
20853299
20853319
20853361
20853377
20853389
20853401
20853403
20853419
20853439
20853473
20853493
20853499
20853517
20853529
20853541
20853557
20853559
20853563
20853587
20853601
20853619
20853629
20853641
20853649
20853661
20853671
20853673
20853719
20853757
20853761
20853787
20853799
20853803
20853821
20853823
20853851
20853869
20853881
20853913
20853923
20853941
20853991
20854007
20854027
20854033
20854061
20854063
20854073
20854079
20854091
20854109
20854111
20854139
20854147
20854159
20854201
20854217
20854231
20854237
20854241
20854259
20854271
20854279
20854297
20854313
20854319
20854357
20854369
20854397
20854409
20854411
20854429
20854447
20854469
20854523
20854531
20854541
20854549
20854577
20854601
20854649
20854667
20854681
20854693
20854697
20854711
20854739
20854843
20854849
20854853
20854891
20854919
20854921
20854931
20854943
20854949
20854961
20854963
20854979
20854987
20854991
20855017
20855041
20855057
20855059
20855117
20855123
20855201
20855207
20855213
20855221
20855231
20855239
20855249
20855251
20855269
20855287
20855333
20855371
20855377
20855423
20855453
20855479
20855489
20855491
20855501
20855519
20855537
20855563
20855581
20855603
20855621
20855623
20855633
20855657
20855663
20855689
20855701
20855743
20855759
20855767
20855771
20855789
20855831
20855867
20855869
20855893
20855897
20855909
20855911
20855929
20855941
20855953
20855981
20855983
20855987
20855999
20856001
20856007
20856023
20856029
20856041
20856047
20856061
20856089
20856131
20856181
20856221
20856223
20856259
20856317
20856347
20856359
20856371
20856383
20856389
20856439
20856457
20856461
20856491
20856541
20856551
20856599
20856629
20856679
20856709
20856721
20856733
20856751
20856793
20856827
20856839
20856877
20856881
20856907
20856919
20856947
20856949
20856961
20856971
20856989
20857007
20857019
20857043
20857063
20857073
20857087
20857099
20857103
20857157
20857163
20857171
20857183
20857211
20857217
20857247
20857313
20857321
20857357
20857373
20857387
20857393
20857429
20857469
20857483
20857511
20857517
20857531
20857553
20857559
20857579
20857597
20857601
20857609
20857631
20857663
20857667
20857679
20857717
20857721
20857729
20857777
20857783
20857829
20857843
20857867
20857891
20857909
20857919
20857933
20857939
20857943
20857957
20857961
20857981
20857999
20858003
20858011
20858017
20858021
20858023
20858027
20858039
20858069
20858077
20858081
20858087
20858107
20858111
20858119
20858147
20858153
20858179
20858183
20858191
20858197
20858231
20858251
20858261
20858273
20858293
20858297
20858317
20858323
20858339
20858347
20858389
20858407
20858423
20858429
20858441
20858477
20858489
20858503
20858527
20858531
20858581
20858597
20858603
20858611
20858653
20858657
20858671
20858681
20858689
20858693
20858701
20858707
20858729
20858731
20858749
20858759
20858771
20858797
20858807
20858819
20858821
20858843
20858857
20858869
20858879
20858897
20858899
20858927
20858969
20858987
20859029
20859031
20859071
20859073
20859079
20859089
20859103
20859121
20859143
20859173
20859199
20859233
20859253
20859269
20859271
20859331
20859341
20859361
20859383
20859389
20859403
20859427
20859431
20859451
20859463
20859479
20859521
20859533
20859547
20859557
20859583
20859589
20859617
20859637
20859649
20859653
20859659
20859661
20859667
20859679
20859691
20859719
20859721
20859733
20859737
20859841
20859889
20859893
20859953
20859977
20859983
20859997
20860001
20860027
20860033
20860061
20860067
20860097
20860163
20860171
20860183
20860199
20860201
20860211
20860247
20860253
20860277
20860283
20860313
20860327
20860331
20860337
20860351
20860363
20860369
20860373
20860387
20860391
20860393
20860397
20860403
20860409
20860451
20860457
20860459
20860493
20860501
20860507
20860523
20860549
20860559
20860561
20860601
20860603
20860607
20860627
20860643
20860667
20860669
20860687
20860691
20860733
20860739
20860757
20860781
20860783
20860787
20860811
20860813
20860823
20860871
20860883
20860913
20860943
20860949
20860967
20860969
20861017
20861021
20861033
20861051
20861077
20861083
20861089
20861101
20861119
20861129
20861143
20861167
20861173
20861209
20861249
20861257
20861263
20861273
20861287
20861317
20861327
20861339
20861371
20861389
20861413
20861417
20861441
20861443
20861447
20861459
20861509
20861521
20861539
20861549
20861557
20861587
20861597
20861623
20861629
20861647
20861653
20861663
20861699
20861741
20861761
20861773
20861777
20861779
20861783
20861803
20861809
20861833
20861891
20861899
20861903
20861917
20861921
20861927
20861957
20861959
20861993
20861999
20862007
20862011
20862041
20862059
20862067
20862073
20862089
20862097
20862113
20862119
20862131
20862139
20862151
20862167
20862169
20862187
20862197
20862211
20862217
20862221
20862239
20862251
20862253
20862269
20862277
20862301
20862307
20862329
20862343
20862409
20862419
20862421
20862433
20862463
20862467
20862503
20862509
20862511
20862521
20862529
20862559
20862581
20862601
20862607
20862617
20862619
20862637
20862643
20862683
20862701
20862707
20862713
20862731
20862733
20862763
20862773
20862781
20862841
20862899
20862901
20862913
20862917
20862923
20862943
20862949
20862979
20862983
20862997
20863039
20863067
20863099
20863103
20863111
20863123
20863133
20863147
20863169
20863177
20863187
20863207
20863229
20863247
20863289
20863307
20863309
20863313
20863321
20863351
20863361
20863373
20863391
20863393
20863399
20863411
20863429
20863457
20863459
20863487
20863489
20863537
20863543
20863559
20863603
20863613
20863621
20863631
20863637
20863649
20863693
20863697
20863699
20863727
20863747
20863751
20863753
20863763
20863781
20863813
20863831
20863841
20863849
20863853
20863883
20863889
20863897
20863907
20863933
20863939
20863943
20863949
20863991
20864009
20864047
20864087
20864089
20864101
20864119
20864143
20864149
20864153
20864161
20864171
20864191
20864213
20864227
20864231
20864281
20864297
20864303
20864323
20864341
20864357
20864387
20864429
20864477
20864483
20864507
20864513
20864533
20864539
20864573
20864587
20864609
20864617
20864647
20864653
20864677
20864693
20864713
20864719
20864731
20864737
20864743
20864759
20864773
20864783
20864791
20864803
20864807
20864821
20864827
20864843
20864849
20864863
20864923
20864947
20864981
20864993
20864999
20865017
20865041
20865067
20865083
20865109
20865113
20865127
20865149
20865167
20865179
20865193
20865197
20865203
20865217
20865253
20865259
20865281
20865283
20865311
20865319
20865329
20865359
20865367
20865389
20865391
20865461
20865463
20865473
20865497
20865541
20865547
20865557
20865583
20865601
20865617
20865641
20865643
20865653
20865671
20865701
20865727
20865737
20865739
20865751
20865769
20865773
20865797
20865827
20865847
20865863
20865931
20865937
20865967
20865983
20865997
20866031
20866057
20866081
20866091
20866093
20866103
20866121
20866147
20866169
20866189
20866201
20866207
20866211
20866229
20866231
20866249
20866271
20866277
20866289
20866291
20866303
20866319
20866337
20866343
20866357
20866381
20866387
20866411
20866421
20866493
20866501
20866511
20866513
20866523
20866529
20866561
20866591
20866613
20866621
20866639
20866649
20866661
20866669
20866679
20866691
20866711
20866721
20866723
20866733
20866753
20866757
20866777
20866793
20866801
20866843
20866847
20866849
20866861
20866877
20866897
20866907
20866913
20866933
20866969
20867023
20867039
20867047
20867051
20867057
20867101
20867117
20867131
20867173
20867183
20867219
20867221
20867251
20867257
20867261
20867281
20867299
20867303
20867317
20867333
20867369
20867411
20867419
20867437
20867447
20867471
20867477
20867479
20867489
20867521
20867527
20867543
20867573
20867591
20867603
20867663
20867669
20867701
20867731
20867767
20867773
20867809
20867827
20867839
20867843
20867863
20867879
20867911
20867933
20867971
20867981
20867983
20867989
20868007
20868011
20868019
20868059
20868073
20868079
20868091
20868121
20868131
20868149
20868151
20868157
20868181
20868193
20868217
20868257
20868269
20868271
20868293
20868319
20868343
20868361
20868389
20868433
20868439
20868443
20868451
20868457
20868461
20868473
20868499
20868509
20868539
20868559
20868577
20868581
20868619
20868623
20868637
20868643
20868667
20868671
20868733
20868737
20868739
20868761
20868769
20868823
20868833
20868839
20868847
20868853
20868857
20868863
20868899
20868907
20868929
20868937
20868941
20868943
20868961
20868971
20868989
20868997
20869001
20869003
20869091
20869097
20869103
20869109
20869117
20869127
20869129
20869141
20869151
20869157
20869159
20869181
20869187
20869223
20869237
20869273
20869279
20869291
20869297
20869307
20869309
20869337
20869339
20869393
20869397
20869403
20869423
20869447
20869477
20869493
20869507
20869547
20869549
20869561
20869567
20869573
20869609
20869613
20869627
20869633
20869637
20869661
20869687
20869711
20869721
20869781
20869787
20869831
20869837
20869859
20869867
20869873
20869883
20869889
20869907
20869949
20869951
20869957
20869967
20869987
20870023
20870051
20870063
20870071
20870077
20870089
20870117
20870119
20870137
20870149
20870159
20870191
20870219
20870231
20870249
20870263
20870293
20870321
20870323
20870327
20870371
20870389
20870429
20870449
20870467
20870489
20870497
20870501
20870503
20870513
20870573
20870593
20870623
20870639
20870653
20870659
20870669
20870693
20870743
20870753
20870777
20870779
20870783
20870791
20870813
20870869
20870879
20870881
20870887
20870909
20870939
20871001
20871007
20871013
20871031
20871043
20871047
20871049
20871077
20871107
20871113
20871127
20871131
20871133
20871157
20871161
20871163
20871167
20871181
20871187
20871197
20871209
20871217
20871229
20871251
20871283
20871287
20871299
20871311
20871341
20871343
20871349
20871353
20871379
20871397
20871407
20871413
20871437
20871449
20871491
20871497
20871509
20871551
20871553
20871581
20871593
20871623
20871629
20871637
20871659
20871667
20871689
20871691
20871707
20871731
20871743
20871757
20871769
20871853
20871857
20871859
20871863
20871881
20871883
20871887
20871889
20871923
20871973
20872003
20872031
20872043
20872067
20872081
20872097
20872121
20872133
20872139
20872147
20872151
20872153
20872193
20872211
20872213
20872217
20872219
20872249
20872261
20872273
20872307
20872337
20872349
20872381
20872387
20872409
20872417
20872421
20872427
20872429
20872433
20872457
20872459
20872483
20872487
20872499
20872571
20872589
20872601
20872603
20872613
20872681
20872717
20872727
20872763
20872771
20872807
20872853
20872861
20872871
20872913
20872927
20872933
20872939
20872949
20872981
20872987
20873003
20873051
20873063
20873071
20873087
20873107
20873129
20873131
20873159
20873207
20873221
20873227
20873249
20873257
20873269
20873273
20873317
20873327
20873329
20873357
20873371
20873389
20873393
20873423
20873441
20873471
20873483
20873507
20873519
20873537
20873539
20873563
20873599
20873623
20873639
20873653
20873663
20873681
20873683
20873689
20873711
20873729
20873737
20873747
20873759
20873777
20873779
20873789
20873803
20873813
20873821
20873843
20873849
20873861
20873869
20873887
20873893
20873899
20873953
20873959
20873999
20874001
20874013
20874059
20874107
20874127
20874137
20874143
20874163
20874167
20874169
20874173
20874211
20874223
20874233
20874241
20874247
20874257
20874299
20874313
20874323
20874349
20874367
20874379
20874397
20874431
20874449
20874463
20874473
20874493
20874509
20874571
20874611
20874643
20874653
20874661
20874677
20874713
20874743
20874761
20874779
20874817
20874839
20874851
20874853
20874883
20874899
20874913
20874937
20874943
20874947
20874949
20874979
20875009
20875013
20875033
20875051
20875061
20875069
20875093
20875103
20875111
20875139
20875181
20875187
20875193
20875199
20875219
20875223
20875241
20875249
20875259
20875271
20875279
20875291
20875313
20875333
20875343
20875381
20875399
20875403
20875409
20875427
20875429
20875441
20875453
20875483
20875523
20875531
20875549
20875553
20875577
20875607
20875619
20875627
20875637
20875667
20875681
20875703
20875709
20875721
20875747
20875753
20875759
20875781
20875817
20875823
20875831
20875843
20875859
20875861
20875871
20875891
20875903
20875909
20875913
20875919
20875931
20875963
20875979
20875991
20876047
20876057
20876069
20876081
20876087
20876123
20876137
20876171
20876173
20876179
20876189
20876227
20876239
20876263
20876267
20876279
20876293
20876309
20876311
20876351
20876389
20876393
20876407
20876417
20876431
20876441
20876483
20876489
20876519
20876521
20876533
20876593
20876623
20876633
20876651
20876657
20876683
20876689
20876693
20876699
20876743
20876747
20876767
20876771
20876783
20876809
20876851
20876861
20876899
20876909
20876929
20876951
20876971
20876987
20876993
20877001
20877011
20877047
20877061
20877079
20877113
20877127
20877137
20877151
20877161
20877211
20877221
20877223
20877247
20877253
20877271
20877281
20877299
20877301
20877313
20877347
20877391
20877431
20877443
20877449
20877481
20877497
20877503
20877511
20877517
20877551
20877553
20877559
20877587
20877607
20877611
20877613
20877617
20877631
20877643
20877667
20877671
20877679
20877697
20877719
20877739
20877743
20877749
20877757
20877761
20877793
20877797
20877821
20877851
20877869
20877877
20877881
20877889
20877907
20877931
20877943
20877959
20877971
20877991
20878001
20878007
20878049
20878063
20878079
20878087
20878103
20878127
20878129
20878133
20878163
20878171
20878201
20878211
20878213
20878241
20878267
20878303
20878309
20878313
20878337
20878373
20878379
20878391
20878399
20878433
20878441
20878447
20878453
20878477
20878513
20878519
20878523
20878537
20878541
20878577
20878591
20878603
20878609
20878621
20878631
20878667
20878681
20878691
20878709
20878721
20878723
20878727
20878729
20878747
20878751
20878769
20878787
20878789
20878843
20878849
20878877
20878883
20878889
20878901
20878909
20878919
20878931
20878939
20878961
20878969
20878981
20878987
20878999
20879021
20879029
20879039
20879057
20879069
20879071
20879087
20879099
20879107
20879113
20879129
20879161
20879167
20879203
20879219
20879227
20879251
20879303
20879317
20879321
20879351
20879389
20879401
20879431
20879437
20879447
20879459
20879477
20879479
20879483
20879491
20879497
20879501
20879513
20879531
20879567
20879591
20879603
20879611
20879627
20879633
20879707
20879711
20879717
20879741
20879753
20879767
20879773
20879777
20879809
20879819
20879821
20879863
20879867
20879869
20879909
20879921
20879941
20879953
20879977
20880001
20880007
20880043
20880071
20880077
20880103
20880109
20880121
20880133
20880151
20880169
20880179
20880187
20880191
20880257
20880269
20880271
20880281
20880283
20880289
20880313
20880323
20880347
20880371
20880397
20880407
20880443
20880467
20880491
20880523
20880533
20880547
20880553
20880571
20880623
20880637
20880647
20880659
20880679
20880683
20880689
20880697
20880721
20880731
20880773
20880779
20880793
20880799
20880809
20880833
20880877
20880883
20880889
20880901
20880911
20880953
20880961
20880967
20880973
20880989
20880991
20881001
20881027
20881067
20881097
20881109
20881111
20881121
20881123
20881141
20881163
20881181
20881229
20881241
20881271
20881297
20881303
20881319
20881331
20881349
20881369
20881381
20881433
20881439
20881451
20881463
20881477
20881501
20881529
20881561
20881571
20881573
20881591
20881613
20881633
20881673
20881687
20881697
20881699
20881709
20881747
20881753
20881759
20881781
20881807
20881829
20881837
20881849
20881859
20881867
20881873
20881897
20881901
20881919
20881921
20881963
20882009
20882033
20882087
20882107
20882119
20882131
20882143
20882153
20882167
20882179
20882203
20882209
20882261
20882263
20882269
20882327
20882333
20882347
20882353
20882363
20882369
20882383
20882399
20882431
20882461
20882471
20882473
20882479
20882497
20882507
20882531
20882567
20882573
20882633
20882663
20882669
20882699
20882707
20882713
20882723
20882731
20882759
20882777
20882857
20882887
20882893
20882909
20882921
20882959
20882969
20882971
20882977
20883001
20883013
20883043
20883053
20883067
20883073
20883143
20883169
20883173
20883193
20883199
20883217
20883229
20883253
20883257
20883263
20883271
20883283
20883311
20883323
20883341
20883347
20883371
20883377
20883383
20883403
20883407
20883427
20883433
20883437
20883449
20883461
20883469
20883479
20883487
20883493
20883521
20883523
20883539
20883617
20883619
20883631
20883647
20883671
20883697
20883743
20883757
20883763
20883781
20883823
20883827
20883829
20883847
20883859
20883881
20883893
20883901
20883911
20883917
20883923
20883937
20883943
20883979
20884009
20884013
20884033
20884043
20884051
20884079
20884099
20884103
20884133
20884139
20884163
20884183
20884187
20884219
20884229
20884247
20884267
20884273
20884301
20884307
20884327
20884343
20884373
20884393
20884399
20884427
20884429
20884433
20884447
20884463
20884469
20884471
20884499
20884511
20884601
20884603
20884649
20884657
20884663
20884673
20884693
20884697
20884711
20884739
20884741
20884751
20884757
20884777
20884783
20884807
20884811
20884813
20884817
20884837
20884847
20884859
20884861
20884907
20884921
20884951
20885003
20885069
20885071
20885077
20885087
20885099
20885101
20885141
20885149
20885159
20885177
20885201
20885213
20885243
20885251
20885257
20885261
20885269
20885273
20885287
20885303
20885317
20885321
20885323
20885341
20885383
20885387
20885393
20885407
20885411
20885443
20885453
20885471
20885483
20885497
20885507
20885509
20885533
20885549
20885561
20885563
20885569
20885581
20885593
20885609
20885621
20885629
20885663
20885701
20885717
20885737
20885747
20885759
20885779
20885789
20885791
20885803
20885819
20885833
20885849
20885861
20885873
20885927
20885929
20885939
20885981
20885987
20885989
20885993
20886007
20886011
20886029
20886049
20886083
20886091
20886143
20886161
20886163
20886191
20886199
20886209
20886211
20886221
20886223
20886259
20886269
20886289
20886329
20886361
20886367
20886391
20886401
20886419
20886427
20886451
20886457
20886469
20886479
20886487
20886499
20886511
20886517
20886521
20886539
20886559
20886563
20886571
20886587
20886601
20886617
20886629
20886637
20886661
20886683
20886703
20886713
20886739
20886751
20886769
20886791
20886793
20886797
20886799
20886893
20886911
20886919
20886953
20886959
20886961
20886977
20886991
20887001
20887019
20887021
20887037
20887063
20887079
20887109
20887133
20887147
20887159
20887177
20887201
20887231
20887249
20887253
20887261
20887313
20887333
20887367
20887393
20887423
20887439
20887457
20887483
20887541
20887547
20887549
20887567
20887579
20887609
20887613
20887621
20887649
20887651
20887663
20887667
20887673
20887687
20887733
20887759
20887793
20887799
20887807
20887813
20887843
20887861
20887871
20887873
20887877
20887879
20887891
20887903
20887913
20887921
20887927
20887931
20887939
20887949
20887967
20888003
20888009
20888027
20888041
20888111
20888123
20888143
20888159
20888171
20888173
20888177
20888213
20888221
20888227
20888233
20888251
20888279
20888281
20888299
20888321
20888339
20888341
20888363
20888369
20888377
20888383
20888423
20888431
20888449
20888473
20888477
20888479
20888489
20888509
20888521
20888533
20888561
20888599
20888603
20888617
20888641
20888653
20888663
20888677
20888687
20888713
20888717
20888723
20888741
20888753
20888759
20888797
20888863
20888873
20888897
20888909
20888929
20888941
20888953
20888963
20888977
20888983
20889031
20889061
20889109
20889137
20889139
20889163
20889173
20889179
20889199
20889223
20889233
20889269
20889299
20889347
20889373
20889397
20889409
20889433
20889437
20889439
20889467
20889487
20889509
20889521
20889551
20889553
20889563
20889581
20889593
20889613
20889643
20889679
20889703
20889707
20889709
20889749
20889751
20889763
20889779
20889809
20889811
20889839
20889857
20889859
20889871
20889881
20889901
20889929
20889937
20889943
20890019
20890027
20890031
20890057
20890061
20890099
20890183
20890201
20890213
20890223
20890241
20890277
20890283
20890301
20890313
20890327
20890333
20890343
20890349
20890351
20890369
20890379
20890381
20890391
20890409
20890447
20890453
20890489
20890511
20890579
20890589
20890591
20890619
20890663
20890669
20890673
20890679
20890687
20890691
20890711
20890721
20890757
20890763
20890781
20890783
20890789
20890799
20890811
20890813
20890867
20890871
20890901
20890913
20890927
20890939
20890949
20890979
20891009
20891027
20891029
20891033
20891041
20891047
20891071
20891081
20891083
20891093
20891131
20891149
20891161
20891197
20891209
20891239
20891257
20891261
20891293
20891333
20891401
20891407
20891413
20891443
20891447
20891459
20891461
20891473
20891503
20891539
20891557
20891581
20891587
20891597
20891603
20891639
20891669
20891677
20891711
20891729
20891753
20891777
20891789
20891807
20891809
20891831
20891879
20891891
20891933
20891947
20891971
20891989
20891993
20892019
20892037
20892041
20892043
20892061
20892101
20892121
20892143
20892149
20892163
20892169
20892173
20892181
20892197
20892217
20892241
20892251
20892259
20892283
20892293
20892331
20892341
20892353
20892359
20892379
20892397
20892407
20892427
20892433
20892463
20892491
20892497
20892503
20892551
20892559
20892569
20892583
20892589
20892611
20892617
20892629
20892689
20892709
20892719
20892721
20892727
20892743
20892749
20892757
20892857
20892871
20892889
20892899
20892931
20892953
20892973
20892979
20893001
20893003
20893043
20893073
20893087
20893097
20893109
20893127
20893129
20893157
20893181
20893199
20893211
20893237
20893261
20893267
20893277
20893297
20893309
20893319
20893339
20893387
20893393
20893423
20893429
20893451
20893463
20893469
20893487
20893489
20893511
20893517
20893519
20893531
20893553
20893573
20893577
20893589
20893603
20893643
20893651
20893679
20893687
20893693
20893699
20893727
20893739
20893753
20893757
20893771
20893777
20893811
20893849
20893861
20893877
20893879
20893889
20893919
20893927
20893931
20893933
20893963
20893967
20893973
20893981
20894009
20894023
20894059
20894077
20894089
20894099
20894119
20894131
20894149
20894161
20894183
20894191
20894197
20894213
20894219
20894221
20894227
20894231
20894261
20894267
20894299
20894311
20894329
20894333
20894347
20894351
20894353
20894359
20894383
20894389
20894399
20894417
20894443
20894453
20894483
20894501
20894551
20894563
20894567
20894569
20894579
20894591
20894593
20894597
20894609
20894617
20894633
20894641
20894663
20894681
20894693
20894701
20894719
20894723
20894729
20894747
20894749
20894771
20894843
20894857
20894869
20894911
20894957
20894969
20894983
20895013
20895029
20895071
20895097
20895101
20895107
20895139
20895143
20895163
20895179
20895181
20895187
20895211
20895239
20895253
20895257
20895289
20895317
20895319
20895349
20895353
20895359
20895373
20895379
20895403
20895443
20895451
20895461
20895467
20895473
20895503
20895517
20895521
20895529
20895559
20895599
20895629
20895647
20895659
20895671
20895701
20895751
20895757
20895761
20895781
20895793
20895803
20895811
20895827
20895841
20895857
20895859
20895869
20895883
20895887
20895929
20896013
20896039
20896069
20896079
20896087
20896091
20896093
20896171
20896243
20896273
20896277
20896283
20896289
20896307
20896321
20896367
20896411
20896423
20896441
20896457
20896459
20896471
20896481
20896483
20896493
20896517
20896567
20896571
20896591
20896607
20896609
20896643
20896651
20896657
20896663
20896693
20896721
20896741
20896781
20896783
20896801
20896817
20896847
20896853
20896861
20896867
20896873
20896901
20896919
20896951
20896963
20896991
20897027
20897039
20897047
20897057
20897059
20897077
20897113
20897117
20897143
20897147
20897213
20897221
20897231
20897237
20897243
20897263
20897273
20897287
20897291
20897293
20897297
20897311
20897353
20897377
20897411
20897419
20897431
20897477
20897479
20897483
20897497
20897509
20897519
20897533
20897543
20897551
20897557
20897561
20897579
20897599
20897609
20897671
20897687
20897729
20897753
20897759
20897761
20897801
20897819
20897827
20897839
20897857
20897861
20897867
20897873
20897909
20897917
20897923
20897969
20897983
20897993
20898041
20898047
20898091
20898109
20898131
20898133
20898139
20898149
20898161
20898167
20898169
20898193
20898197
20898203
20898209
20898217
20898223
20898257
20898259
20898263
20898281
20898307
20898323
20898343
20898349
20898379
20898401
20898413
20898443
20898481
20898529
20898533
20898569
20898571
20898583
20898587
20898629
20898649
20898667
20898677
20898737
20898749
20898751
20898767
20898793
20898799
20898809
20898827
20898847
20898851
20898863
20898869
20898883
20898887
20898901
20898931
20898949
20898953
20899037
20899049
20899051
20899057
20899061
20899091
20899093
20899121
20899129
20899159
20899163
20899181
20899189
20899201
20899211
20899231
20899261
20899283
20899289
20899303
20899309
20899313
20899321
20899327
20899367
20899379
20899423
20899427
20899441
20899447
20899451
20899453
20899469
20899471
20899481
20899499
20899507
20899513
20899531
20899559
20899573
20899583
20899589
20899597
20899607
20899679
20899693
20899699
20899721
20899733
20899751
20899757
20899789
20899811
20899831
20899841
20899843
20899897
20899909
20899933
20899951
20899961
20899969
20899979
20899993
20900051
20900053
20900059
20900069
20900083
20900093
20900149
20900177
20900189
20900221
20900239
20900267
20900317
20900339
20900371
20900377
20900389
20900401
20900413
20900441
20900443
20900459
20900461
20900471
20900489
20900527
20900533
20900543
20900567
20900587
20900609
20900653
20900669
20900683
20900707
20900723
20900731
20900743
20900749
20900753
20900773
20900791
20900797
20900821
20900827
20900833
20900843
20900861
20900879
20900897
20900899
20900903
20900911
20900923
20900933
20900981
20900987
20900989
20900993
20901029
20901047
20901071
20901079
20901091
20901107
20901113
20901151
20901157
20901173
20901187
20901191
20901217
20901233
20901241
20901247
20901259
20901277
20901289
20901299
20901301
20901329
20901367
20901371
20901389
20901401
20901403
20901407
20901421
20901427
20901437
20901469
20901473
20901499
20901509
20901581
20901599
20901607
20901631
20901637
20901667
20901697
20901709
20901737
20901743
20901757
20901763
20901791
20901817
20901821
20901863
20901889
20901901
20901911
20901931
20901941
20901943
20901961
20902019
20902031
20902039
20902043
20902073
20902081
20902103
20902111
20902117
20902121
20902159
20902177
20902181
20902237
20902241
20902279
20902289
20902303
20902307
20902313
20902381
20902391
20902393
20902397
20902411
20902439
20902457
20902493
20902507
20902529
20902573
20902577
20902589
20902633
20902667
20902691
20902703
20902729
20902751
20902757
20902769
20902781
20902787
20902801
20902811
20902813
20902873
20902879
20902901
20902943
20902949
20902963
20902967
20902993
20903009
20903017
20903023
20903027
20903089
20903101
20903111
20903143
20903161
20903189
20903191
20903227
20903273
20903279
20903291
20903299
20903327
20903329
20903347
20903357
20903369
20903371
20903411
20903437
20903459
20903497
20903513
20903549
20903551
20903567
20903593
20903621
20903647
20903681
20903683
20903689
20903723
20903731
20903741
20903777
20903789
20903821
20903833
20903837
20903851
20903873
20903879
20903881
20903887
20903893
20903899
20903903
20903917
20903921
20903957
20903963
20903969
20903989
20904011
20904017
20904019
20904031
20904043
20904077
20904089
20904119
20904167
20904173
20904181
20904193
20904227
20904251
20904277
20904281
20904283
20904293
20904319
20904337
20904343
20904391
20904397
20904413
20904421
20904431
20904437
20904439
20904461
20904497
20904511
20904589
20904599
20904619
20904641
20904643
20904647
20904649
20904673
20904701
20904733
20904773
20904803
20904811
20904817
20904827
20904839
20904847
20904857
20904859
20904899
20904931
20904941
20904971
20904973
20904977
20904979
20905007
20905033
20905051
20905061
20905069
20905097
20905099
20905103
20905117
20905133
20905153
20905193
20905207
20905237
20905243
20905277
20905279
20905303
20905309
20905331
20905337
20905349
20905351
20905361
20905387
20905397
20905403
20905429
20905499
20905513
20905517
20905519
20905559
20905579
20905603
20905609
20905627
20905637
20905657
20905663
20905679
20905711
20905727
20905747
20905751
20905771
20905817
20905831
20905861
20905877
20905901
20905921
20905931
20905933
20905939
20905949
20905967
20905979
20905987
20905991
20905993
20906033
20906051
20906087
20906111
20906143
20906153
20906173
20906191
20906201
20906203
20906227
20906233
20906239
20906257
20906261
20906267
20906279
20906297
20906317
20906329
20906341
20906371
20906377
20906387
20906401
20906407
20906449
20906453
20906461
20906489
20906491
20906503
20906521
20906533
20906569
20906579
20906581
20906629
20906647
20906687
20906737
20906749
20906759
20906771
20906773
20906789
20906801
20906807
20906819
20906849
20906861
20906863
20906903
20906917
20906929
20906933
20906939
20906969
20906971
20907001
20907037
20907053
20907067
20907077
20907091
20907137
20907167
20907169
20907193
20907197
20907199
20907203
20907221
20907247
20907269
20907287
20907301
20907311
20907317
20907319
20907329
20907343
20907371
20907377
20907389
20907409
20907421
20907449
20907457
20907517
20907571
20907631
20907643
20907647
20907659
20907673
20907697
20907709
20907727
20907743
20907751
20907763
20907767
20907781
20907823
20907833
20907839
20907863
20907877
20907893
20907911
20907937
20907941
20907947
20907979
20907983
20908001
20908021
20908099
20908103
20908117
20908133
20908141
20908157
20908163
20908171
20908183
20908211
20908231
20908247
20908259
20908267
20908273
20908297
20908301
20908309
20908331
20908337
20908339
20908397
20908399
20908409
20908411
20908423
20908427
20908451
20908457
20908469
20908471
20908501
20908513
20908603
20908609
20908627
20908631
20908637
20908639
20908649
20908651
20908669
20908697
20908711
20908747
20908751
20908753
20908807
20908831
20908837
20908883
20908907
20908931
20908933
20908957
20908967
20908981
20909023
20909027
20909039
20909081
20909089
20909117
20909173
20909183
20909209
20909281
20909297
20909311
20909321
20909347
20909363
20909381
20909387
20909389
20909419
20909431
20909453
20909479
20909503
20909533
20909563
20909573
20909587
20909621
20909657
20909701
20909723
20909741
20909743
20909753
20909767
20909771
20909789
20909821
20909851
20909857
20909869
20909893
20909897
20909923
20909939
20909947
20909953
20909969
20909981
20909989
20910011
20910023
20910031
20910067
20910101
20910103
20910121
20910137
20910157
20910163
20910167
20910179
20910257
20910259
20910269
20910277
20910293
20910299
20910301
20910343
20910353
20910377
20910401
20910413
20910433
20910437
20910443
20910457
20910467
20910481
20910497
20910503
20910509
20910517
20910521
20910529
20910551
20910553
20910563
20910569
20910577
20910607
20910641
20910671
20910713
20910719
20910727
20910761
20910787
20910793
20910797
20910803
20910823
20910829
20910863
20910881
20910893
20910913
20910919
20910941
20910961
20910977
20911027
20911043
20911067
20911073
20911087
20911123
20911127
20911129
20911157
20911159
20911171
20911183
20911211
20911213
20911223
20911243
20911279
20911283
20911307
20911313
20911321
20911333
20911337
20911339
20911403
20911409
20911427
20911463
20911469
20911477
20911481
20911487
20911493
20911511
20911567
20911589
20911591
20911613
20911619
20911637
20911651
20911673
20911699
20911727
20911729
20911741
20911789
20911801
20911823
20911867
20911873
20911879
20911883
20911909
20911931
20911963
20912029
20912041
20912053
20912069
20912071
20912113
20912123
20912149
20912189
20912191
20912207
20912209
20912273
20912291
20912303
20912317
20912341
20912351
20912377
20912417
20912453
20912459
20912461
20912471
20912473
20912477
20912503
20912513
20912527
20912531
20912537
20912561
20912587
20912599
20912611
20912621
20912627
20912629
20912641
20912651
20912653
20912677
20912707
20912713
20912729
20912743
20912753
20912767
20912783
20912789
20912803
20912809
20912831
20912833
20912891
20912893
20912897
20912917
20912923
20912989
20913037
20913059
20913071
20913083
20913133
20913149
20913173
20913181
20913203
20913229
20913271
20913289
20913293
20913329
20913359
20913367
20913377
20913391
20913401
20913407
20913419
20913421
20913439
20913457
20913469
20913479
20913481
20913493
20913511
20913517
20913527
20913533
20913539
20913559
20913569
20913617
20913643
20913707
20913709
20913719
20913773
20913779
20913793
20913799
20913803
20913811
20913829
20913839
20913857
20913869
20913881
20913887
20913931
20913941
20913967
20914001
20914027
20914043
20914051
20914081
20914093
20914099
20914121
20914123
20914129
20914147
20914151
20914163
20914169
20914177
20914189
20914207
20914217
20914219
20914259
20914279
20914319
20914321
20914339
20914343
20914349
20914363
20914391
20914393
20914409
20914417
20914433
20914447
20914451
20914457
20914477
20914507
20914511
20914529
20914547
20914559
20914571
20914603
20914609
20914627
20914637
20914667
20914669
20914679
20914681
20914717
20914721
20914753
20914757
20914759
20914769
20914783
20914837
20914867
20914891
20914903
20914919
20914931
20914939
20914951
20914997
20915017
20915021
20915023
20915039
20915053
20915107
20915113
20915123
20915179
20915197
20915201
20915203
20915227
20915233
20915261
20915263
20915269
20915273
20915281
20915299
20915309
20915311
20915317
20915327
20915339
20915341
20915353
20915357
20915369
20915381
20915387
20915407
20915413
20915417
20915459
20915473
20915507
20915563
20915567
20915597
20915651
20915659
20915663
20915689
20915707
20915723
20915743
20915749
20915777
20915833
20915857
20915891
20915911
20915929
20915953
20915957
20915959
20915963
20915969
20915981
20916019
20916029
20916043
20916053
20916073
20916089
20916113
20916121
20916143
20916151
20916197
20916199
20916241
20916251
20916257
20916263
20916271
20916299
20916317
20916331
20916349
20916403
20916419
20916421
20916439
20916479
20916487
20916491
20916509
20916521
20916523
20916527
20916557
20916559
20916589
20916673
20916689
20916697
20916713
20916767
20916781
20916787
20916793
20916809
20916811
20916823
20916829
20916871
20916887
20916893
20916923
20916937
20916941
20916943
20916947
20916949
20916979
20916997
20917007
20917031
20917069
20917073
20917087
20917121
20917129
20917133
20917153
20917159
20917181
20917187
20917223
20917229
20917241
20917243
20917277
20917279
20917289
20917291
20917313
20917331
20917349
20917367
20917409
20917441
20917459
20917483
20917517
20917553
20917597
20917619
20917643
20917661
20917703
20917711
20917717
20917733
20917739
20917763
20917781
20917783
20917811
20917829
20917843
20917847
20917849
20917859
20917861
20917873
20917889
20917891
20917933
20917943
20917951
20917969
20917979
20917999
20918011
20918033
20918039
20918047
20918071
20918083
20918099
20918113
20918189
20918197
20918203
20918237
20918239
20918263
20918267
20918291
20918321
20918333
20918363
20918371
20918377
20918389
20918399
20918441
20918467
20918479
20918497
20918519
20918531
20918533
20918567
20918581
20918593
20918603
20918621
20918629
20918699
20918701
20918741
20918747
20918749
20918759
20918767
20918771
20918783
20918813
20918819
20918851
20918917
20918929
20918939
20918951
20918957
20918969
20918971
20918999
20919001
20919011
20919037
20919049
20919109
20919127
20919137
20919139
20919149
20919161
20919169
20919187
20919191
20919211
20919229
20919251
20919263
20919271
20919281
20919329
20919331
20919337
20919341
20919347
20919373
20919377
20919383
20919419
20919421
20919427
20919433
20919449
20919461
20919473
20919487
20919491
20919497
20919499
20919517
20919533
20919557
20919593
20919601
20919617
20919623
20919631
20919641
20919649
20919671
20919697
20919709
20919721
20919733
20919739
20919751
20919757
20919791
20919793
20919797
20919859
20919863
20919883
20919919
20919953
20919959
20919961
20919967
20920019
20920033
20920061
20920091
20920099
20920103
20920111
20920117
20920129
20920139
20920157
20920181
20920187
20920189
20920201
20920241
20920243
20920253
20920259
20920301
20920313
20920321
20920327
20920331
20920337
20920369
20920379
20920391
20920411
20920441
20920457
20920469
20920477
20920483
20920511
20920519
20920541
20920589
20920631
20920649
20920657
20920663
20920673
20920699
20920703
20920723
20920741
20920763
20920771
20920793
20920807
20920811
20920819
20920841
20920847
20920871
20920891
20920901
20920909
20920927
20920943
20920967
20920981
20920993
20921009
20921023
20921027
20921041
20921059
20921081
20921083
20921119
20921161
20921221
20921227
20921269
20921309
20921321
20921347
20921363
20921371
20921377
20921401
20921419
20921429
20921431
20921449
20921479
20921501
20921507
20921519
20921623
20921629
20921647
20921653
20921657
20921689
20921701
20921707
20921711
20921723
20921729
20921737
20921741
20921773
20921777
20921801
20921809
20921819
20921839
20921843
20921851
20921867
20921897
20921899
20921911
20921947
20921959
20921981
20921987
20922017
20922029
20922043
20922061
20922073
20922091
20922103
20922119
20922149
20922151
20922163
20922169
20922193
20922199
20922269
20922277
20922283
20922323
20922347
20922367
20922371
20922373
20922383
20922397
20922413
20922463
20922487
20922491
20922523
20922533
20922541
20922547
20922581
20922599
20922611
20922619
20922623
20922637
20922647
20922677
20922679
20922691
20922703
20922721
20922731
20922739
20922761
20922763
20922787
20922821
20922823
20922829
20922851
20922859
20922901
20922911
20922931
20922947
20922953
20922959
20922973
20922991
20923003
20923033
20923103
20923117
20923121
20923151
20923157
20923159
20923163
20923207
20923247
20923267
20923289
20923303
20923337
20923349
20923381
20923391
20923403
20923411
20923417
20923429
20923459
20923493
20923517
20923559
20923561
20923589
20923607
20923621
20923649
20923657
20923687
20923691
20923697
20923699
20923717
20923723
20923739
20923741
20923801
20923823
20923829
20923841
20923879
20923891
20923933
20923939
20923943
20923949
20923963
20923979
20923999
20924003
20924011
20924021
20924047
20924077
20924081
20924083
20924107
20924117
20924119
20924131
20924153
20924191
20924201
20924213
20924231
20924249
20924251
20924261
20924269
20924311
20924317
20924327
20924333
20924389
20924401
20924413
20924419
20924429
20924443
20924461
20924471
20924479
20924483
20924509
20924513
20924521
20924537
20924539
20924551
20924557
20924609
20924639
20924693
20924767
20924777
20924791
20924797
20924821
20924831
20924851
20924861
20924873
20924887
20924899
20924903
20924941
20924957
20924987
20925019
20925029
20925041
20925043
20925053
20925119
20925139
20925169
20925173
20925187
20925209
20925263
20925271
20925299
20925319
20925329
20925337
20925343
20925349
20925361
20925367
20925389
20925433
20925439
20925467
20925533
20925571
20925577
20925587
20925613
20925629
20925647
20925659
20925661
20925689
20925701
20925739
20925743
20925761
20925781
20925787
20925799
20925811
20925823
20925829
20925833
20925841
20925847
20925881
20925911
20925913
20925923
20925967
20925977
20926013
20926019
20926027
20926051
20926057
20926063
20926069
20926091
20926093
20926153
20926181
20926187
20926189
20926223
20926237
20926259
20926261
20926273
20926289
20926319
20926369
20926379
20926387
20926397
20926427
20926453
20926459
20926463
20926483
20926511
20926513
20926531
20926537
20926553
20926559
20926561
20926567
20926597
20926621
20926627
20926639
20926663
20926667
20926669
20926699
20926723
20926729
20926751
20926783
20926811
20926817
20926831
20926859
20926861
20926883
20926889
20926907
20926921
20926931
20926943
20926957
20926963
20926973
20926979
20926993
20927003
20927041
20927057
20927059
20927063
20927107
20927131
20927141
20927143
20927147
20927233
20927279
20927287
20927293
20927317
20927327
20927329
20927339
20927351
20927353
20927399
20927411
20927419
20927443
20927461
20927471
20927479
20927513
20927521
20927551
20927579
20927581
20927587
20927593
20927597
20927603
20927609
20927639
20927657
20927659
20927689
20927693
20927707
20927719
20927743
20927749
20927779
20927783
20927791
20927801
20927807
20927839
20927843
20927857
20927887
20927897
20927899
20927923
20927927
20927947
20927957
20927981
20927993
20928013
20928029
20928043
20928073
20928077
20928079
20928107
20928157
20928179
20928191
20928197
20928209
20928217
20928223
20928239
20928247
20928251
20928283
20928287
20928289
20928353
20928359
20928361
20928373
20928407
20928419
20928431
20928437
20928463
20928473
20928499
20928511
20928521
20928527
20928529
20928541
20928629
20928637
20928647
20928679
20928703
20928707
20928757
20928769
20928793
20928811
20928821
20928829
20928841
20928847
20928851
20928871
20928877
20928907
20928911
20928913
20928931
20928949
20928961
20928967
20928979
20929001
20929019
20929033
20929049
20929063
20929099
20929109
20929121
20929141
20929157
20929171
20929177
20929253
20929267
20929273
20929297
20929331
20929339
20929357
20929361
20929373
20929409
20929411
20929439
20929453
20929459
20929463
20929481
20929487
20929501
20929537
20929543
20929547
20929553
20929577
20929591
20929607
20929633
20929637
20929651
20929673
20929693
20929729
20929751
20929759
20929789
20929807
20929813
20929817
20929819
20929847
20929897
20929919
20929939
20929957
20929969
20930011
20930033
20930047
20930051
20930057
20930093
20930099
20930101
20930113
20930159
20930167
20930171
20930183
20930201
20930209
20930227
20930243
20930251
20930269
20930317
20930323
20930387
20930401
20930407
20930411
20930423
20930443
20930447
20930453
20930461
20930467
20930471
20930501
20930509
20930513
20930579
20930593
20930597
20930603
20930617
20930627
20930629
20930669
20930671
20930677
20930683
20930699
20930711
20930717
20930731
20930737
20930801
20930803
20930821
20930827
20930831
20930843
20930849
20930879
20930887
20930891
20930909
20930957
20930969
20930999
20931047
20931061
20931077
20931101
20931133
20931137
20931143
20931149
20931151
20931187
20931191
20931221
20931223
20931241
20931247
20931259
20931263
20931289
20931347
20931349
20931353
20931367
20931373
20931377
20931389
20931401
20931413
20931419
20931431
20931451
20931457
20931461
20931467
20931473
20931487
20931511
20931523
20931551
20931563
20931569
20931623
20931629
20931667
20931683
20931719
20931721
20931731
20931733
20931739
20931773
20931793
20931797
20931809
20931877
20931893
20931917
20931941
20931943
20931949
20932003
20932027
20932031
20932039
20932069
20932103
20932123
20932127
20932133
20932141
20932147
20932157
20932159
20932169
20932183
20932187
20932189
20932199
20932237
20932259
20932349
20932361
20932363
20932397
20932399
20932421
20932441
20932447
20932451
20932453
20932489
20932493
20932543
20932567
20932607
20932631
20932633
20932651
20932679
20932753
20932757
20932759
20932777
20932801
20932811
20932817
20932819
20932841
20932909
20932937
20932939
20932963
20932981
20932987
20932991
20932993
20932997
20933021
20933047
20933051
20933057
20933063
20933071
20933093
20933111
20933147
20933177
20933179
20933191
20933203
20933207
20933249
20933287
20933291
20933299
20933323
20933333
20933399
20933449
20933461
20933483
20933489
20933503
20933531
20933543
20933599
20933603
20933623
20933629
20933639
20933641
20933663
20933677
20933683
20933701
20933707
20933719
20933741
20933761
20933767
20933807
20933813
20933827
20933831
20933833
20933863
20933867
20933873
20933893
20933921
20933923
20933929
20933947
20933977
20933981
20933989
20933999
20934007
20934013
20934019
20934031
20934037
20934049
20934061
20934073
20934097
20934107
20934113
20934127
20934139
20934197
20934233
20934241
20934247
20934271
20934281
20934323
20934337
20934377
20934383
20934401
20934437
20934461
20934469
20934481
20934499
20934539
20934541
20934569
20934581
20934611
20934653
20934659
20934673
20934677
20934691
20934707
20934709
20934731
20934733
20934743
20934779
20934821
20934863
20934883
20934913
20934917
20934919
20934923
20934931
20934943
20934959
20934961
20935009
20935027
20935039
20935043
20935049
20935087
20935091
20935097
20935099
20935111
20935121
20935141
20935151
20935153
20935181
20935183
20935193
20935223
20935247
20935253
20935307
20935333
20935337
20935357
20935373
20935399
20935417
20935433
20935441
20935457
20935459
20935487
20935489
20935493
20935531
20935547
20935561
20935573
20935601
20935609
20935613
20935637
20935639
20935657
20935667
20935693
20935723
20935751
20935753
20935769
20935799
20935813
20935829
20935843
20935847
20935877
20935879
20935903
20935907
20935913
20935919
20935921
20935927
20935939
20935963
20935979
20935997
20936017
20936021
20936023
20936029
20936033
20936039
20936059
20936087
20936099
20936101
20936131
20936137
20936171
20936177
20936183
20936207
20936239
20936243
20936261
20936269
20936303
20936317
20936329
20936341
20936351
20936353
20936381
20936387
20936429
20936441
20936453
20936459
20936471
20936483
20936497
20936507
20936549
20936567
20936581
20936677
20936683
20936711
20936719
20936737
20936759
20936779
20936789
20936791
20936807
20936819
20936821
20936827
20936837
20936887
20936893
20936921
20936933
20936947
20937017
20937041
20937071
20937083
20937109
20937113
20937127
20937131
20937151
20937157
20937179
20937181
20937197
20937253
20937263
20937269
20937283
20937289
20937311
20937313
20937361
20937409
20937437
20937443
20937463
20937467
20937481
20937503
20937529
20937551
20937559
20937571
20937589
20937619
20937643
20937649
20937661
20937691
20937733
20937767
20937773
20937781
20937793
20937821
20937827
20937853
20937857
20937859
20937869
20937881
20937901
20937953
20938013
20938031
20938039
20938061
20938063
20938069
20938091
20938117
20938193
20938199
20938201
20938207
20938213
20938231
20938259
20938277
20938283
20938289
20938297
20938367
20938387
20938403
20938417
20938427
20938459
20938481
20938501
20938507
20938529
20938531
20938537
20938553
20938583
20938597
20938607
20938637
20938649
20938661
20938693
20938739
20938751
20938759
20938769
20938777
20938793
20938811
20938831
20938837
20938843
20938847
20938859
20938873
20938903
20938927
20938949
20938997
20938999
20939027
20939033
20939057
20939059
20939063
20939071
20939123
20939147
20939153
20939203
20939207
20939213
20939231
20939251
20939263
20939267
20939279
20939329
20939333
20939341
20939383
20939389
20939419
20939459
20939473
20939483
20939497
20939519
20939543
20939557
20939593
20939603
20939609
20939621
20939627
20939641
20939647
20939657
20939671
20939687
20939701
20939719
20939731
20939741
20939761
20939771
20939783
20939803
20939833
20939837
20939857
20939873
20939879
20939927
20939939
20939951
20939953
20939981
20939983
20939993
20939999
20940043
20940047
20940061
20940067
20940077
20940079
20940089
20940131
20940137
20940149
20940181
20940191
20940193
20940203
20940251
20940253
20940289
20940329
20940341
20940343
20940347
20940371
20940383
20940389
20940421
20940449
20940461
20940473
20940497
20940499
20940533
20940539
20940547
20940551
20940599
20940607
20940611
20940637
20940677
20940683
20940691
20940701
20940727
20940737
20940749
20940757
20940763
20940781
20940797
20940809
20940823
20940839
20940847
20940851
20940859
20940877
20940901
20940967
20940979
20941007
20941009
20941069
20941087
20941091
20941163
20941169
20941171
20941177
20941199
20941231
20941243
20941259
20941279
20941313
20941321
20941351
20941373
20941397
20941457
20941471
20941489
20941493
20941511
20941537
20941549
20941573
20941577
20941607
20941673
20941703
20941757
20941769
20941783
20941831
20941871
20941913
20941927
20941981
20941993
20942023
20942041
20942069
20942083
20942101
20942149
20942183
20942209
20942219
20942221
20942239
20942287
20942293
20942303
20942309
20942357
20942371
20942377
20942381
20942393
20942417
20942423
20942483
20942507
20942527
20942557
20942563
20942573
20942587
20942641
20942671
20942711
20942717
20942723
20942741
20942749
20942767
20942771
20942783
20942797
20942813
20942833
20942863
20942869
20942893
20942899
20942917
20942951
20943007
20943019
20943023
20943029
20943049
20943067
20943071
20943089
20943103
20943113
20943127
20943157
20943163
20943199
20943203
20943253
20943257
20943281
20943283
20943287
20943319
20943323
20943359
20943361
20943379
20943397
20943401
20943413
20943421
20943437
20943449
20943457
20943467
20943469
20943493
20943511
20943551
20943563
20943599
20943613
20943617
20943619
20943641
20943667
20943683
20943721
20943737
20943749
20943763
20943787
20943799
20943803
20943821
20943827
20943841
20943863
20943883
20943889
20943911
20943913
20943929
20943931
20943943
20943953
20943973
20943977
20943991
20944019
20944043
20944057
20944069
20944087
20944097
20944117
20944129
20944141
20944151
20944159
20944171
20944181
20944207
20944229
20944277
20944279
20944291
20944307
20944309
20944367
20944373
20944379
20944393
20944453
20944463
20944477
20944489
20944541
20944571
20944577
20944579
20944601
20944607
20944619
20944633
20944661
20944681
20944691
20944709
20944711
20944739
20944753
20944769
20944771
20944793
20944811
20944817
20944831
20944837
20944877
20944879
20944883
20944907
20944909
20944921
20944951
20944981
20945039
20945051
20945053
20945081
20945083
20945101
20945117
20945149
20945161
20945167
20945209
20945227
20945231
20945261
20945263
20945273
20945291
20945303
20945317
20945321
20945363
20945369
20945399
20945461
20945471
20945489
20945521
20945537
20945563
20945579
20945591
20945609
20945621
20945623
20945651
20945693
20945707
20945713
20945723
20945731
20945747
20945761
20945789
20945803
20945807
20945833
20945843
20945851
20945857
20945867
20945891
20945927
20945941
20946017
20946041
20946053
20946059
20946073
20946103
20946127
20946131
20946157
20946179
20946197
20946257
20946259
20946269
20946287
20946293
20946301
20946311
20946313
20946319
20946347
20946361
20946371
20946377
20946383
20946391
20946407
20946413
20946433
20946451
20946473
20946479
20946481
20946487
20946503
20946517
20946521
20946529
20946553
20946557
20946559
20946571
20946577
20946589
20946599
20946617
20946619
20946649
20946661
20946689
20946701
20946707
20946743
20946749
20946781
20946799
20946803
20946817
20946833
20946841
20946881
20946901
20946931
20946943
20946953
20946983
20947001
20947021
20947027
20947033
20947061
20947079
20947093
20947109
20947133
20947141
20947153
20947169
20947189
20947211
20947229
20947237
20947249
20947271
20947327
20947357
20947361
20947363
20947387
20947391
20947393
20947427
20947429
20947469
20947471
20947499
20947517
20947529
20947547
20947559
20947567
20947573
20947609
20947613
20947631
20947637
20947639
20947649
20947669
20947727
20947739
20947741
20947781
20947783
20947793
20947799
20947807
20947811
20947867
20947873
20947903
20947907
20947933
20947939
20947973
20947981
20947987
20947991
20947999
20948003
20948017
20948069
20948077
20948113
20948117
20948119
20948129
20948143
20948149
20948159
20948167
20948173
20948189
20948201
20948227
20948231
20948251
20948261
20948321
20948339
20948359
20948371
20948387
20948399
20948419
20948429
20948483
20948489
20948491
20948497
20948503
20948537
20948563
20948579
20948617
20948633
20948639
20948651
20948657
20948671
20948677
20948687
20948693
20948723
20948729
20948747
20948779
20948789
20948801
20948813
20948821
20948867
20948881
20948891
20948897
20948903
20948927
20948959
20948969
20948987
20948989
20948999
20949007
20949013
20949017
20949023
20949079
20949101
20949109
20949157
20949161
20949163
20949167
20949199
20949221
20949239
20949241
20949259
20949301
20949317
20949323
20949329
20949353
20949367
20949371
20949421
20949499
20949529
20949541
20949547
20949563
20949601
20949611
20949631
20949667
20949671
20949673
20949683
20949689
20949697
20949701
20949713
20949737
20949743
20949749
20949767
20949809
20949823
20949829
20949833
20949857
20949871
20949883
20949917
20949937
20949949
20949953
20949991
20949997
20950009
20950019
20950031
20950037
20950049
20950063
20950081
20950091
20950099
20950147
20950169
20950187
20950201
20950229
20950243
20950249
20950271
20950277
20950283
20950289
20950337
20950357
20950367
20950393
20950403
20950411
20950427
20950439
20950463
20950469
20950537
20950541
20950571
20950577
20950583
20950591
20950603
20950639
20950649
20950663
20950687
20950691
20950703
20950717
20950747
20950757
20950759
20950771
20950801
20950837
20950849
20950871
20950873
20950883
20950913
20950997
20951003
20951011
20951017
20951023
20951027
20951083
20951087
20951107
20951131
20951153
20951159
20951171
20951173
20951197
20951201
20951209
20951233
20951239
20951251
20951261
20951263
20951279
20951291
20951297
20951303
20951309
20951323
20951347
20951351
20951383
20951387
20951407
20951417
20951423
20951467
20951473
20951477
20951507
20951521
20951527
20951537
20951573
20951591
20951611
20951617
20951647
20951683
20951713
20951729
20951761
20951767
20951797
20951831
20951839
20951867
20951881
20951899
20951921
20951923
20951947
20951971
20951977
20951981
20951993
20952049
20952053
20952073
20952077
20952091
20952161
20952163
20952167
20952179
20952199
20952221
20952227
20952229
20952247
20952251
20952259
20952277
20952289
20952293
20952319
20952343
20952359
20952361
20952377
20952401
20952403
20952433
20952457
20952461
20952467
20952479
20952521
20952539
20952541
20952577
20952583
20952593
20952623
20952629
20952637
20952667
20952671
20952677
20952689
20952691
20952697
20952719
20952731
20952751
20952773
20952787
20952791
20952797
20952803
20952809
20952817
20952821
20952853
20952863
20952871
20952887
20952923
20952937
20952941
20952979
20952983
20953001
20953007
20953019
20953081
20953087
20953123
20953133
20953147
20953151
20953183
20953189
20953199
20953223
20953243
20953259
20953297
20953301
20953313
20953321
20953351
20953363
20953381
20953411
20953421
20953451
20953459
20953463
20953481
20953531
20953553
20953567
20953577
20953579
20953607
20953633
20953643
20953663
20953679
20953687
20953693
20953717
20953811
20953819
20953831
20953841
20953853
20953871
20953873
20953879
20953883
20953901
20953939
20953957
20953969
20953973
20953997
20954009
20954023
20954041
20954053
20954069
20954077
20954083
20954107
20954113
20954137
20954147
20954177
20954191
20954209
20954243
20954257
20954267
20954303
20954333
20954341
20954347
20954371
20954377
20954399
20954413
20954441
20954447
20954467
20954497
20954509
20954539
20954569
20954573
20954579
20954581
20954627
20954639
20954653
20954683
20954699
20954707
20954711
20954737
20954741
20954749
20954753
20954779
20954807
20954819
20954827
20954861
20954867
20954881
20954911
20954933
20954939
20954951
20954959
20955017
20955019
20955029
20955031
20955049
20955071
20955073
20955083
20955097
20955107
20955113
20955133
20955167
20955173
20955199
20955227
20955241
20955251
20955293
20955331
20955343
20955367
20955397
20955401
20955409
20955413
20955419
20955421
20955427
20955433
20955439
20955457
20955479
20955497
20955503
20955559
20955563
20955587
20955593
20955601
20955647
20955667
20955707
20955731
20955743
20955751
20955761
20955793
20955799
20955817
20955827
20955833
20955839
20955853
20955871
20955877
20955899
20955911
20955929
20955953
20955971
20955973
20955989
20955997
20956003
20956021
20956051
20956073
20956081
20956109
20956129
20956139
20956153
20956181
20956211
20956261
20956267
20956283
20956301
20956307
20956321
20956333
20956337
20956339
20956343
20956379
20956391
20956399
20956423
20956447
20956451
20956493
20956499
20956511
20956583
20956627
20956633
20956643
20956669
20956673
20956679
20956681
20956687
20956697
20956709
20956739
20956759
20956777
20956787
20956799
20956807
20956813
20956823
20956843
20956853
20956861
20956907
20956909
20956927
20956931
20956939
20956951
20956963
20956973
20956993
20957003
20957009
20957017
20957021
20957029
20957033
20957077
20957081
20957087
20957089
20957113
20957129
20957161
20957173
20957177
20957219
20957231
20957239
20957263
20957303
20957309
20957327
20957329
20957359
20957369
20957371
20957407
20957473
20957479
20957491
20957509
20957527
20957537
20957561
20957593
20957603
20957609
20957611
20957621
20957653
20957659
20957663
20957689
20957707
20957711
20957731
20957777
20957819
20957837
20957861
20957863
20957869
20957903
20957941
20958001
20958013
20958023
20958029
20958043
20958053
20958073
20958079
20958089
20958101
20958107
20958151
20958163
20958173
20958181
20958211
20958241
20958251
20958253
20958283
20958307
20958323
20958341
20958361
20958383
20958389
20958403
20958407
20958437
20958439
20958461
20958473
20958517
20958523
20958527
20958529
20958541
20958557
20958571
20958593
20958617
20958631
20958689
20958713
20958719
20958737
20958781
20958803
20958809
20958827
20958829
20958853
20958857
20958863
20958907
20958941
20958953
20958961
20958979
20958989
20958997
20959021
20959073
20959087
20959091
20959097
20959111
20959117
20959139
20959151
20959153
20959157
20959163
20959229
20959231
20959247
20959273
20959291
20959297
20959303
20959307
20959313
20959319
20959331
20959339
20959349
20959357
20959363
20959369
20959381
20959387
20959397
20959403
20959429
20959459
20959483
20959511
20959513
20959517
20959531
20959537
20959567
20959597
20959613
20959639
20959643
20959667
20959703
20959711
20959777
20959781
20959787
20959819
20959843
20959847
20959849
20959853
20959889
20959891
20959901
20959903
20959919
20959921
20959933
20959973
20959987
20960029
20960033
20960039
20960047
20960057
20960077
20960083
20960087
20960089
20960113
20960117
20960129
20960179
20960183
20960189
20960197
20960263
20960267
20960273
20960293
20960297
20960321
20960323
20960339
20960353
20960369
20960377
20960413
20960419
20960431
20960437
20960453
20960497
20960501
20960519
20960579
20960581
20960623
20960627
20960669
20960689
20960699
20960701
20960713
20960729
20960747
20960767
20960777
20960789
20960791
20960803
20960831
20960851
20960879
20960887
20960893
20960911
20960923
20960941
20960957
20960959
20960999
20961011
20961019
20961029
20961041
20961043
20961071
20961103
20961121
20961131
20961133
20961139
20961163
20961173
20961181
20961251
20961263
20961299
20961319
20961329
20961337
20961359
20961371
20961377
20961397
20961433
20961443
20961467
20961517
20961529
20961557
20961559
20961571
20961583
20961607
20961631
20961643
20961649
20961667
20961719
20961727
20961739
20961749
20961761
20961779
20961793
20961803
20961817
20961823
20961841
20961847
20961851
20961881
20961887
20961907
20961911
20961929
20961937
20961961
20962013
20962031
20962033
20962061
20962069
20962079
20962129
20962159
20962163
20962181
20962211
20962219
20962243
20962283
20962297
20962307
20962321
20962349
20962351
20962367
20962391
20962393
20962399
20962427
20962429
20962433
20962481
20962559
20962631
20962687
20962703
20962709
20962723
20962741
20962783
20962787
20962807
20962811
20962813
20962817
20962841
20962847
20962861
20962873
20962883
20962891
20962897
20962943
20962951
20962957
20962993
20962999
20963011
20963017
20963029
20963039
20963069
20963071
20963093
20963101
20963147
20963171
20963197
20963219
20963273
20963279
20963287
20963339
20963353
20963359
20963377
20963387
20963399
20963401
20963413
20963417
20963473
20963507
20963521
20963581
20963597
20963633
20963639
20963653
20963659
20963671
20963681
20963689
20963699
20963717
20963743
20963753
20963773
20963777
20963797
20963807
20963837
20963849
20963851
20963869
20963881
20963893
20963909
20963923
20963933
20963951
20963981
20963989
20964001
20964037
20964059
20964103
20964107
20964121
20964137
20964143
20964157
20964169
20964197
20964221
20964253
20964257
20964269
20964283
20964287
20964331
20964343
20964347
20964373
20964409
20964439
20964473
20964481
20964497
20964527
20964557
20964563
20964577
20964583
20964599
20964611
20964613
20964631
20964637
20964673
20964677
20964701
20964703
20964731
20964737
20964739
20964761
20964763
20964781
20964793
20964803
20964851
20964857
20964871
20964877
20964917
20964919
20964947
20964967
20964971
20964989
20964997
20965019
20965027
20965067
20965079
20965111
20965117
20965127
20965141
20965159
20965181
20965183
20965193
20965249
20965253
20965271
20965279
20965283
20965327
20965333
20965339
20965349
20965361
20965363
20965367
20965409
20965423
20965433
20965447
20965453
20965457
20965459
20965481
20965487
20965507
20965513
20965523
20965537
20965577
20965597
20965601
20965603
20965621
20965649
20965663
20965669
20965723
20965727
20965739
20965741
20965757
20965817
20965829
20965831
20965843
20965849
20965891
20965921
20965979
20965991
20965993
20966003
20966017
20966027
20966053
20966081
20966093
20966131
20966147
20966167
20966171
20966173
20966189
20966203
20966207
20966213
20966227
20966233
20966263
20966273
20966279
20966357
20966369
20966411
20966431
20966459
20966461
20966479
20966537
20966551
20966563
20966581
20966591
20966597
20966611
20966651
20966657
20966663
20966689
20966707
20966719
20966723
20966749
20966767
20966773
20966789
20966791
20966809
20966821
20966849
20966851
20966903
20966921
20966923
20966951
20966969
20966983
20966993
20967041
20967043
20967059
20967061
20967073
20967091
20967109
20967139
20967161
20967209
20967227
20967259
20967269
20967313
20967337
20967343
20967371
20967379
20967389
20967391
20967413
20967433
20967451
20967473
20967487
20967497
20967503
20967509
20967521
20967539
20967547
20967553
20967577
20967589
20967619
20967629
20967637
20967643
20967671
20967673
20967677
20967679
20967689
20967707
20967731
20967797
20967799
20967823
20967839
20967853
20967871
20967883
20967901
20967911
20967917
20967923
20967949
20967971
20967979
20967983
20968007
20968037
20968043
20968049
20968091
20968093
20968109
20968117
20968127
20968139
20968141
20968177
20968223
20968237
20968271
20968279
20968291
20968309
20968331
20968351
20968357
20968379
20968397
20968399
20968403
20968411
20968427
20968481
20968499
20968511
20968513
20968523
20968559
20968573
20968579
20968583
20968613
20968693
20968699
20968771
20968793
20968817
20968841
20968853
20968879
20968889
20968901
20968949
20968957
20968979
20969009
20969017
20969029
20969087
20969099
20969101
20969107
20969119
20969129
20969147
20969149
20969153
20969159
20969173
20969189
20969197
20969209
20969213
20969231
20969239
20969281
20969303
20969309
20969321
20969329
20969339
20969341
20969383
20969387
20969411
20969413
20969419
20969437
20969447
20969453
20969471
20969489
20969497
20969513
20969527
20969623
20969677
20969719
20969723
20969783
20969791
20969803
20969827
20969831
20969833
20969869
20969881
20969887
20969899
20969903
20969953
20969989
20970011
20970049
20970067
20970071
20970073
20970077
20970101
20970121
20970143
20970151
20970203
20970221
20970223
20970247
20970253
20970289
20970293
20970307
20970329
20970331
20970337
20970361
20970371
20970373
20970407
20970461
20970473
20970511
20970517
20970533
20970553
20970589
20970617
20970643
20970667
20970679
20970689
20970701
20970709
20970739
20970743
20970769
20970797
20970811
20970821
20970827
20970853
20970869
20970893
20970899
20970919
20970923
20970931
20970947
20970949
20970953
20970959
20971021
20971039
20971043
20971051
20971063
20971121
20971123
20971127
20971151
20971157
20971219
20971271
20971277
20971289
20971297
20971381
20971403
20971409
20971427
20971451
20971493
20971507
20971529
20971537
20971567
20971583
20971619
20971627
20971651
20971661
20971667
20971673
20971697
20971723
20971733
20971751
20971757
20971781
20971789
20971793
20971799
20971807
20971889
20971913
20971919
20971949
20971957
20971961
20971969
20971987
20971997
20972023
20972041
20972053
20972059
20972071
20972087
20972099
20972111
20972117
20972123
20972129
20972137
20972141
20972167
20972173
20972179
20972221
20972233
20972267
20972269
20972291
20972311
20972323
20972351
20972353
20972359
20972381
20972383
20972417
20972429
20972437
20972449
20972453
20972473
20972513
20972537
20972579
20972587
20972603
20972621
20972639
20972641
20972659
20972663
20972729
20972741
20972753
20972773
20972797
20972801
20972813
20972839
20972851
20972867
20972873
20972899
20972909
20972911
20972921
20972933
20972977
20972981
20972983
20972989
20973023
20973041
20973059
20973083
20973089
20973109
20973133
20973163
20973179
20973229
20973241
20973269
20973287
20973299
20973301
20973307
20973311
20973313
20973317
20973331
20973341
20973347
20973349
20973367
20973371
20973383
20973431
20973443
20973451
20973457
20973499
20973521
20973523
20973527
20973553
20973593
20973599
20973607
20973643
20973653
20973679
20973731
20973779
20973791
20973793
20973803
20973833
20973847
20973859
20973863
20973871
20973877
20973893
20973913
20973943
20973959
20973977
20974013
20974021
20974049
20974111
20974123
20974139
20974159
20974169
20974171
20974189
20974193
20974207
20974211
20974231
20974237
20974241
20974249
20974253
20974297
20974307
20974319
20974333
20974357
20974381
20974409
20974439
20974451
20974463
20974469
20974483
20974487
20974489
20974501
20974519
20974531
20974553
20974561
20974567
20974589
20974609
20974619
20974633
20974637
20974663
20974687
20974691
20974741
20974757
20974769
20974813
20974829
20974853
20974861
20974867
20974883
20974901
20974937
20974951
20974969
20974999
20975051
20975063
20975081
20975083
20975089
20975117
20975131
20975137
20975147
20975153
20975167
20975191
20975203
20975219
20975233
20975237
20975243
20975257
20975261
20975281
20975291
20975341
20975347
20975351
20975371
20975389
20975393
20975401
20975407
20975413
20975417
20975441
20975453
20975509
20975519
20975533
20975551
20975557
20975567
20975587
20975597
20975599
20975627
20975657
20975663
20975683
20975687
20975693
20975699
20975711
20975719
20975749
20975789
20975797
20975821
20975827
20975833
20975837
20975849
20975869
20975879
20975881
20975923
20975939
20975971
20975987
20975989
20976031
20976037
20976041
20976061
20976089
20976097
20976103
20976107
20976121
20976127
20976139
20976167
20976203
20976223
20976227
20976233
20976257
20976269
20976337
20976343
20976353
20976359
20976377
20976407
20976413
20976421
20976433
20976457
20976469
20976479
20976509
20976511
20976539
20976547
20976563
20976569
20976577
20976581
20976583
20976587
20976607
20976611
20976649
20976653
20976661
20976701
20976719
20976721
20976727
20976731
20976751
20976763
20976797
20976821
20976833
20976859
20976869
20976887
20976913
20976937
20976973
20976983
20977001
20977009
20977013
20977051
20977057
20977067
20977079
20977091
20977129
20977139
20977153
20977157
20977169
20977193
20977217
20977247
20977259
20977267
20977277
20977283
20977301
20977321
20977331
20977367
20977381
20977393
20977441
20977477
20977519
20977529
20977531
20977543
20977571
20977601
20977613
20977657
20977667
20977673
20977699
20977703
20977709
20977753
20977763
20977769
20977777
20977783
20977799
20977811
20977819
20977841
20977849
20977861
20977871
20977889
20977951
20977967
20978011
20978021
20978077
20978117
20978123
20978129
20978141
20978159
20978161
20978171
20978173
20978189
20978197
20978201
20978207
20978219
20978233
20978239
20978257
20978267
20978273
20978311
20978317
20978359
20978383
20978387
20978393
20978401
20978411
20978431
20978473
20978483
20978533
20978549
20978557
20978567
20978569
20978611
20978623
20978669
20978677
20978681
20978701
20978719
20978729
20978759
20978761
20978767
20978773
20978791
20978819
20978843
20978863
20978887
20978897
20978899
20978917
20978927
20978933
20978939
20978941
20978981
20978987
20978989
20978999
20979001
20979017
20979019
20979029
20979047
20979067
20979109
20979137
20979187
20979199
20979223
20979239
20979263
20979269
20979307
20979311
20979317
20979323
20979341
20979353
20979359
20979367
20979373
20979389
20979391
20979403
20979421
20979433
20979443
20979461
20979493
20979521
20979533
20979551
20979559
20979583
20979587
20979589
20979613
20979641
20979671
20979677
20979691
20979697
20979727
20979733
20979737
20979779
20979799
20979809
20979877
20979899
20979923
20979929
20979943
20979949
20979961
20979983
20980027
20980031
20980039
20980051
20980061
20980081
20980093
20980097
20980111
20980121
20980139
20980153
20980177
20980181
20980213
20980231
20980241
20980247
20980277
20980307
20980321
20980327
20980331
20980339
20980343
20980361
20980373
20980387
20980391
20980403
20980409
20980417
20980433
20980441
20980457
20980469
20980481
20980483
20980501
20980507
20980511
20980513
20980537
20980559
20980573
20980607
20980637
20980639
20980651
20980681
20980699
20980723
20980727
20980747
20980759
20980783
20980787
20980789
20980859
20980867
20980879
20980901
20980903
20980913
20980919
20980943
20980957
20980987
20981027
20981029
20981041
20981047
20981063
20981069
20981089
20981099
20981101
20981131
20981143
20981153
20981189
20981201
20981231
20981237
20981243
20981249
20981273
20981287
20981293
20981357
20981369
20981371
20981399
20981407
20981447
20981449
20981459
20981461
20981473
20981507
20981509
20981537
20981551
20981557
20981561
20981573
20981581
20981593
20981617
20981641
20981651
20981659
20981663
20981671
20981677
20981711
20981747
20981749
20981767
20981783
20981789
20981801
20981803
20981827
20981861
20981867
20981869
20981887
20981897
20981899
20981929
20981941
20981971
20981999
20982001
20982019
20982041
20982053
20982067
20982077
20982079
20982089
20982103
20982107
20982127
20982149
20982191
20982193
20982211
20982239
20982253
20982259
20982277
20982281
20982287
20982307
20982331
20982337
20982359
20982389
20982397
20982407
20982413
20982419
20982433
20982449
20982461
20982497
20982499
20982503
20982553
20982569
20982613
20982653
20982659
20982677
20982683
20982733
20982751
20982757
20982761
20982763
20982779
20982791
20982799
20982803
20982817
20982823
20982833
20982869
20982881
20982887
20982889
20982931
20982961
20982977
20982989
20982991
20983007
20983031
20983043
20983051
20983073
20983091
20983093
20983099
20983121
20983129
20983133
20983139
20983141
20983159
20983189
20983229
20983247
20983271
20983273
20983289
20983297
20983307
20983351
20983357
20983363
20983367
20983381
20983387
20983399
20983439
20983453
20983463
20983493
20983507
20983519
20983531
20983537
20983541
20983561
20983583
20983607
20983609
20983637
20983639
20983643
20983649
20983681
20983693
20983709
20983723
20983727
20983741
20983769
20983783
20983789
20983799
20983891
20983927
20983951
20983969
20983997
20984021
20984039
20984071
20984123
20984141
20984147
20984191
20984207
20984209
20984219
20984221
20984233
20984261
20984269
20984279
20984287
20984321
20984339
20984347
20984357
20984363
20984377
20984389
20984393
20984399
20984423
20984437
20984461
20984503
20984581
20984599
20984609
20984611
20984617
20984629
20984633
20984729
20984753
20984771
20984773
20984779
20984801
20984819
20984827
20984833
20984837
20984839
20984863
20984879
20984881
20984921
20984927
20984933
20984963
20985001
20985017
20985049
20985059
20985113
20985119
20985121
20985127
20985143
20985169
20985187
20985197
20985199
20985203
20985227
20985229
20985287
20985301
20985311
20985313
20985319
20985337
20985373
20985379
20985389
20985409
20985413
20985421
20985439
20985449
20985467
20985479
20985487
20985493
20985511
20985521
20985551
20985583
20985593
20985617
20985649
20985703
20985707
20985737
20985739
20985749
20985773
20985779
20985793
20985799
20985847
20985857
20985869
20985883
20985889
20985893
20985901
20985911
20985953
20985961
20985971
20985983
20985997
20986003
20986057
20986079
20986093
20986117
20986151
20986153
20986157
20986171
20986181
20986237
20986243
20986249
20986253
20986283
20986297
20986333
20986387
20986391
20986397
20986403
20986409
20986423
20986439
20986447
20986481
20986519
20986529
20986531
20986561
20986571
20986577
20986601
20986613
20986631
20986639
20986643
20986657
20986663
20986681
20986703
20986717
20986729
20986747
20986817
20986837
20986841
20986853
20986859
20986871
20986883
20986897
20986913
20986919
20986921
20986943
20986991
20987023
20987033
20987041
20987059
20987069
20987089
20987119
20987143
20987159
20987171
20987189
20987209
20987227
20987237
20987243
20987249
20987257
20987261
20987269
20987287
20987321
20987353
20987359
20987363
20987389
20987413
20987429
20987437
20987453
20987479
20987489
20987513
20987543
20987557
20987579
20987581
20987587
20987611
20987627
20987711
20987731
20987737
20987767
20987773
20987779
20987783
20987797
20987801
20987807
20987821
20987831
20987839
20987849
20987873
20987881
20987921
20987927
20987957
20987963
20987969
20987971
20988007
20988031
20988041
20988061
20988089
20988101
20988109
20988119
20988131
20988133
20988161
20988173
20988203
20988211
20988221
20988299
20988301
20988307
20988311
20988313
20988323
20988349
20988377
20988391
20988403
20988437
20988467
20988481
20988493
20988497
20988551
20988553
20988563
20988571
20988593
20988599
20988607
20988613
20988623
20988629
20988637
20988677
20988683
20988691
20988701
20988769
20988797
20988823
20988827
20988833
20988853
20988881
20988893
20988907
20988917
20988923
20988973
20988991
20989009
20989019
20989039
20989043
20989049
20989057
20989093
20989103
20989147
20989153
20989187
20989193
20989207
20989211
20989223
20989229
20989279
20989313
20989321
20989333
20989337
20989343
20989349
20989391
20989393
20989421
20989439
20989457
20989459
20989469
20989477
20989483
20989513
20989519
20989523
20989531
20989541
20989567
20989601
20989603
20989607
20989609
20989613
20989627
20989651
20989711
20989739
20989741
20989751
20989753
20989757
20989769
